-0.176081	-0.2482147645	1.0652E-8	-0.096618625083	0	0
-0.175904919	-0.248135639878	2.72754E-5	-0.093777966371	0	0
-0.175728838	-0.24805641972	7.6852071E-5	-0.09252420178	0	0
-0.175552757	-0.247977103545	1.41022838E-4	-0.091565212985	0	0
-0.175376676	-0.247897690869	2.17010913E-4	-0.090758946595	0	0
-0.175200595	-0.247818181203	3.03213667E-4	-0.090050282201	0	0
-0.175024514	-0.247738574057	3.98547125E-4	-0.08941092722	0	0
-0.174848433	-0.247658868937	5.0221941E-4	-0.088824068199	0	0
-0.174672352	-0.247579065345	6.13613471E-4	-0.088278752899	0	0
-0.174496271	-0.247499162713	7.32235829E-4	-0.087767368447	0	0
-0.17432019	-0.247419160536	8.5768055E-4	-0.087284375505	0	0
-0.174144109	-0.2473390584	9.89600364E-4	-0.086825591054	0	0
-0.173968028	-0.247258855797	0.001127696846	-0.086387766827	0	0
-0.173791947	-0.247178552214	0.001271714992	-0.085968322807	0	0
-0.173615866	-0.247098147135	0.001421428366	-0.085565162507	0	0
-0.173439785	-0.24701764004	0.001576630666	-0.085176561495	0	0
-0.173263704	-0.246937030405	0.001737145294	-0.08480107735	0	0
-0.173087623	-0.246856317705	0.001902804214	-0.084437487378	0	0
-0.172911542	-0.24677550141	0.002073461152	-0.084084755203	0	0
-0.172735461	-0.246694580988	0.002248975204	-0.083741980907	0	0
-0.17255938	-0.2466135559	0.002429226044	-0.083408379014	0	0
-0.172383299	-0.246532425607	0.002614093506	-0.08308326824	0	0
-0.172207218	-0.246451189442	0.002803475527	-0.082766043283	0	0
-0.172031137	-0.246369846901	0.002997266477	-0.082456165736	0	0
-0.171855056	-0.246288397484	0.00319538201	-0.082153161395	0	0
-0.171678975	-0.246206840638	0.003397724707	-0.08185659855	0	0
-0.171502894	-0.246125175804	0.003604218266	-0.081566091098	0	0
-0.171326813	-0.24604340242	0.003814789618	-0.081281288425	0	0
-0.171150732	-0.24596151992	0.004029357872	-0.081001877603	0	0
-0.170974651	-0.245879527736	0.004247859248	-0.080727565315	0	0
-0.17079857	-0.245797425294	0.004470229965	-0.080458087079	0	0
-0.170622489	-0.245715212017	0.004696409467	-0.080193205116	0	0
-0.170446408	-0.245632887325	0.004926336001	-0.079932691438	0	0
-0.170270327	-0.245550450634	0.005159953369	-0.079676342694	0	0
-0.170094246	-0.245467901091	0.005397212072	-0.079423967721	0	0
-0.169918165	-0.245385238066	0.005638061953	-0.079175391833	0	0
-0.169742084	-0.245302461232	0.005882451941	-0.078930449377	0	0
-0.169566003	-0.245219569989	0.006130334942	-0.078688990092	0	0
-0.169389922	-0.245136563731	0.006381671693	-0.078450871731	0	0
-0.169213841	-0.24505344185	0.006636413291	-0.078215959533	0	0
-0.16903776	-0.244970203735	0.006894526445	-0.07798413147	0	0
-0.168861679	-0.244886848213	0.00715596779	-0.077755268935	0	0
-0.168685598	-0.244803374976	0.007420700369	-0.077529264109	0	0
-0.168509517	-0.244719783606	0.007688687377	-0.077306014234	0	0
-0.168333436	-0.244636073473	0.007959892238	-0.077085421324	0	0
-0.168157355	-0.244552243945	0.008234285508	-0.076867392978	0	0
-0.167981274	-0.244468293912	0.008511829678	-0.076651846175	0	0
-0.167805193	-0.2443842227	0.008792500218	-0.076438696488	0	0
-0.167629112	-0.244300030127	0.009076263098	-0.076227866881	0	0
-0.167453031	-0.244215715542	0.009363088992	-0.076019284517	0	0
-0.16727695	-0.24413127818	0.009652948699	-0.075812879516	0	0
-0.167100869	-0.244046716479	0.009945811592	-0.075608584804	0	0
-0.166924788	-0.243962030746	0.010241663716	-0.075406340996	0	0
-0.166748707	-0.24387722031	0.010540461971	-0.07520608335	0	0
-0.166572626	-0.243792284203	0.010842195427	-0.075007759827	0	0
-0.166396545	-0.243707221062	0.011146833487	-0.07481131247	0	0
-0.166220464	-0.243622031142	0.011454353254	-0.074616690216	0	0
-0.166044383	-0.243536713753	0.011764731933	-0.074423843797	0	0
-0.165868302	-0.243451267139	0.012077946832	-0.074232725669	0	0
-0.165692221	-0.243365691294	0.012393973769	-0.074043289935	0	0
-0.16551614	-0.243279985843	0.012712802551	-0.073855493865	0	0
-0.165340059	-0.243194149196	0.0130343975	-0.073669296666	0	0
-0.165163978	-0.243108180845	0.013358752658	-0.073484655775	0	0
-0.164987897	-0.243022080705	0.0136858357	-0.073301535768	0	0
-0.164811816	-0.24293584701	0.014015638078	-0.073119898396	0	0
-0.164635735	-0.242849479427	0.014348136671	-0.072939707831	0	0
-0.164459654	-0.242762977824	0.014683314177	-0.072760930643	0	0
-0.164283573	-0.242676339907	0.015021153375	-0.072583534404	0	0
-0.164107492	-0.242589566218	0.015361637126	-0.07240748765	0	0
-0.163931411	-0.242502655703	0.01570474837	-0.072232759843	0	0
-0.16375533	-0.242415606747	0.016050470131	-0.072059321346	0	0
-0.163579249	-0.242328419924	0.016398783236	-0.071887143383	0	0
-0.163403168	-0.242241092822	0.016749687071	-0.071716201796	0	0
-0.163227087	-0.242153625913	0.017103144356	-0.071546466834	0	0
-0.163051006	-0.242066017755	0.017459162682	-0.071377915434	0	0
-0.162874925	-0.241978267455	0.017817704906	-0.071210520849	0	0
-0.162698844	-0.241890374748	0.018178779709	-0.071044262904	0	0
-0.162522763	-0.241802337702	0.018542357477	-0.070879115693	0	0
-0.162346682	-0.241714156901	0.018908428059	-0.070715057634	0	0
-0.162170601	-0.241625829702	0.019276978882	-0.070552067687	0	0
-0.16199452	-0.241537357202	0.019647997435	-0.07039012534	0	0
-0.161818439	-0.241448736392	0.020021475566	-0.070229210593	0	0
-0.161642358	-0.241359968531	0.020397392382	-0.07006930394	0	0
-0.161466277	-0.241271050596	0.020775735307	-0.069910386357	0	0
-0.161290196	-0.241181983652	0.021156500931	-0.069752439285	0	0
-0.161114115	-0.241092765025	0.021539672677	-0.06959544462	0	0
-0.160938034	-0.241003395216	0.021925244256	-0.069439384997	0	0
-0.160761953	-0.240913872275	0.022313196058	-0.069284246197	0	0
-0.160585872	-0.240824195758	0.022703518456	-0.06913000857	0	0
-0.160409791	-0.240734364822	0.023096206898	-0.068976658668	0	0
-0.16023371	-0.240644377692	0.023491243997	-0.068824179577	0	0
-0.160057629	-0.240554234786	0.023888624303	-0.068672558085	0	0
-0.159881548	-0.240463933311	0.024288339564	-0.06852177735	0	0
-0.159705467	-0.240373473766	0.024690366172	-0.068371826002	0	0
-0.159529386	-0.240282854783	0.025094715497	-0.068222688794	0	0
-0.159353305	-0.24019207453	0.025501360604	-0.068074352024	0	0
-0.159177224	-0.24010113328	0.025910302458	-0.067926802978	0	0
-0.159001143	-0.240010029055	0.026321523596	-0.067780029207	0	0
-0.158825062	-0.239918760817	0.026735012538	-0.067634018759	0	0
-0.158648981	-0.239827328333	0.027150777212	-0.067488759348	0	0
-0.1584729	-0.239735729719	0.027568794616	-0.06734423895	0	0
-0.158296819	-0.239643963808	0.027989065879	-0.067200446676	0	0
-0.158120738	-0.239552030316	0.028411570683	-0.06705737125	0	0
-0.157944657	-0.239459927942	0.028836306502	-0.066915001549	0	0
-0.157768576	-0.239367654418	0.029263265069	-0.066773326784	0	0
-0.157592495	-0.239275209893	0.029692438167	-0.066632336381	0	0
-0.157416414	-0.23918259319	0.030123829277	-0.066492020779	0	0
-0.157240333	-0.239089802824	0.030557411127	-0.066352371121	0	0
-0.157064252	-0.23899683698	0.030993179204	-0.066213375668	0	0
-0.156888171	-0.238903695416	0.031431143213	-0.066075026455	0	0
-0.15671209	-0.238810376912	0.031871278831	-0.065937314172	0	0
-0.156536009	-0.23871688024	0.032313589946	-0.06580022894	0	0
-0.156359928	-0.238623203647	0.032758059058	-0.065663763437	0	0
-0.156183847	-0.238529345966	0.033204689808	-0.0655279078	0	0
-0.156007766	-0.238435306414	0.033653463211	-0.065392654011	0	0
-0.155831685	-0.238341083716	0.034104386519	-0.065257994808	0	0
-0.155655604	-0.238246676585	0.03455744168	-0.0651239204	0	0
-0.155479523	-0.238152083724	0.035012624648	-0.064990424177	0	0
-0.155303442	-0.238057303822	0.035469937935	-0.064857498939	0	0
-0.155127361	-0.237962335143	0.035929363293	-0.064725135941	0	0
-0.15495128	-0.237867176667	0.036390904808	-0.064593328022	0	0
-0.154775199	-0.237771827209	0.036854550107	-0.064462068137	0	0
-0.154599118	-0.237676285411	0.037320284091	-0.064331349519	0	0
-0.154423037	-0.237580549901	0.037788123885	-0.064201165686	0	0
-0.154246956	-0.237484619295	0.038258045073	-0.064071509173	0	0
-0.154070875	-0.237388492197	0.038730054877	-0.063942373396	0	0
-0.153894794	-0.237292167198	0.039204139197	-0.063813751875	0	0
-0.153718713	-0.237195642873	0.039680291382	-0.063685638238	0	0
-0.153542632	-0.237098917788	0.040158512286	-0.063558026212	0	0
-0.153366551	-0.237001990491	0.040638798108	-0.063430910348	0	0
-0.15319047	-0.23690485952	0.041121135814	-0.063304284238	0	0
-0.153014389	-0.236807523398	0.041605520807	-0.063178141752	0	0
-0.152838308	-0.236709980633	0.042091948888	-0.063052477005	0	0
-0.152662227	-0.236612229719	0.042580422941	-0.062927284207	0	0
-0.152486146	-0.236514269138	0.043070934211	-0.062802558353	0	0
-0.152310065	-0.236416097354	0.043563475376	-0.062678294651	0	0
-0.152133984	-0.236317712798	0.04405803796	-0.062554486267	0	0
-0.151957903	-0.23621911326	0.044554626839	-0.062431128033	0	0
-0.151781822	-0.236120297748	0.045053233948	-0.06230821687	0	0
-0.151605741	-0.236021264667	0.0455538475	-0.062185745144	0	0
-0.15142966	-0.235922012408	0.046056476273	-0.062063709395	0	0
-0.151253579	-0.235822539345	0.046561107303	-0.061942104426	0	0
-0.151077498	-0.235722843836	0.047067740691	-0.061820924924	0	0
-0.150901417	-0.235622923468	0.047576363342	-0.061700167274	0	0
-0.150725336	-0.235522776809	0.048086983203	-0.061579825656	0	0
-0.150549255	-0.235422402594	0.048599590423	-0.061459896446	0	0
-0.150373174	-0.235321799116	0.049114184099	-0.061340374864	0	0
-0.150197093	-0.235220964188	0.049630748788	-0.061221255761	0	0
-0.150021012	-0.235119895367	0.050149299174	-0.061102536866	0	0
-0.149844931	-0.235018591966	0.050669825589	-0.060984211706	0	0
-0.14966885	-0.234917052208	0.051192309705	-0.060866276985	0	0
-0.149492769	-0.234815272741	0.051716768035	-0.060748729567	0	0
-0.149316688	-0.234713252861	0.0522431869	-0.060631563941	0	0
-0.149140607	-0.234610991086	0.052771563193	-0.060514776295	0	0
-0.148964526	-0.234508483742	0.053301888481	-0.060398363833	0	0
-0.148788445	-0.234405730309	0.05383417962	-0.060282322337	0	0
-0.148612364	-0.234302728833	0.054368413996	-0.060166647502	0	0
-0.148436283	-0.234199475782	0.054904593343	-0.060051335711	0	0
-0.148260202	-0.234095971186	0.055442714734	-0.059936383394	0	0
-0.148084121	-0.233992210967	0.055982775279	-0.059821787027	0	0
-0.14790804	-0.233888194595	0.056524764842	-0.059707543231	0	0
-0.147731959	-0.233783918965	0.057068696193	-0.059593648848	0	0
-0.147555878	-0.233679382425	0.057614563334	-0.059480099956	0	0
-0.147379797	-0.233574582504	0.058162353746	-0.059366893208	0	0
-0.147203716	-0.233469517222	0.058712069043	-0.0592540253	0	0
-0.147027635	-0.233364183932	0.059263706555	-0.059141492972	0	0
-0.146851554	-0.233258581145	0.059817263647	-0.059029293001	0	0
-0.146675473	-0.233152705203	0.060372737719	-0.058917422208	0	0
-0.146499392	-0.233046555695	0.060930134202	-0.058805877585	0	0
-0.146323311	-0.23294012787	0.061489436097	-0.058694656411	0	0
-0.14614723	-0.232833421284	0.06205064771	-0.058583755236	0	0
-0.145971149	-0.232726433073	0.062613766584	-0.058473171032	0	0
-0.145795068	-0.232619159586	0.063178790303	-0.058362900809	0	0
-0.145618987	-0.23251159994	0.063745721886	-0.058252941613	0	0
-0.145442906	-0.232403751093	0.06431454892	-0.058143290527	0	0
-0.145266825	-0.232295609271	0.064885283267	-0.058033945375	0	0
-0.145090744	-0.232187173353	0.065457907297	-0.05792490342	0	0
-0.144914663	-0.232078440593	0.066032424932	-0.057816161147	0	0
-0.144738582	-0.231969407547	0.066608833975	-0.057707715778	0	0
-0.144562501	-0.231860071318	0.067187142493	-0.057599565511	0	0
-0.14438642	-0.231750429924	0.067767332781	-0.057491707718	0	0
-0.144210339	-0.231640480483	0.068349408411	-0.057384138794	0	0
-0.144034258	-0.23153022008	0.06893337716	-0.057276856829	0	0
-0.143858177	-0.23141964576	0.069519223123	-0.057169860022	0	0
-0.143682096	-0.231308753895	0.070106948689	-0.057063144327	0	0
-0.143506015	-0.231197542077	0.070696568734	-0.05695670874	0	0
-0.143329934	-0.231086007392	0.071288055219	-0.05685055023	0	0
-0.143153853	-0.230974146738	0.071881425353	-0.056744665866	0	0
-0.142977772	-0.230861956974	0.072476665681	-0.056639054934	0	0
-0.142801691	-0.230749434922	0.073073776905	-0.056533712805	0	0
-0.14262561	-0.230636577359	0.073672773043	-0.05642863999	0	0
-0.142449529	-0.230523381025	0.074273628943	-0.056323831332	0	0
-0.142273448	-0.230409842617	0.074876366828	-0.056219287348	0	0
-0.142097367	-0.230295958789	0.075480970069	-0.056115003084	0	0
-0.141921286	-0.230181726153	0.076087437135	-0.056010979353	0	0
-0.141745205	-0.230067141278	0.0766957814810001	-0.055907211232	0	0
-0.141569124	-0.22995219995	0.07730598145	-0.055803698731	0	0
-0.141393043	-0.229836899014	0.077918053297	-0.055700438445	0	0
-0.141216962	-0.229721235108	0.078531980161	-0.055597428579	0	0
-0.141040881	-0.229605204616	0.079147780177	-0.055494667995	0	0
-0.1408648	-0.229488803875	0.07976543999	-0.055392153165	0	0
-0.140688719	-0.229372028344	0.080384959014	-0.055289883514	0	0
-0.140512638	-0.229254873963	0.081006344066	-0.055187856602	0	0
-0.140336557	-0.229137337867	0.081629587191	-0.055086069791	0	0
-0.140160476	-0.229019416181	0.082254682326	-0.05498452227	0	0
-0.139984395	-0.228901102512	0.082881645139	-0.054883211955	0	0
-0.139808314	-0.228782395189	0.083510464549	-0.054782136257	0	0
-0.139632233	-0.228663289409	0.084141147082	-0.054681293418	0	0
-0.139456152	-0.228543779573	0.084773676399	-0.054580683073	0	0
-0.139280071	-0.228423863645	0.085408069947	-0.054480302094	0	0
-0.13910399	-0.228303534194	0.086044318799	-0.054380148706	0	0
-0.138927909	-0.228182789753	0.086682429829	-0.054280221218	0	0
-0.138751828	-0.228061622877	0.087322384031	-0.054180518371	0	0
-0.138575747	-0.227940031834	0.087964203514	-0.054081038689	0	0
-0.138399666	-0.227818008391	0.088607883664	-0.053981779846	0	0
-0.138223585	-0.227695550819	0.089253415333	-0.053882740216	0	0
-0.138047504	-0.227572652408	0.089900801648	-0.053783918188	0	0
-0.137871423	-0.227449308277	0.090550048813	-0.053685312168	0	0
-0.137695342	-0.227325514385	0.09120114793	-0.053586920576	0	0
-0.137519261	-0.227201264156	0.091854093414	-0.053488741898	0	0
-0.13734318	-0.227076552327	0.092508911451	-0.05339077494	0	0
-0.137167099	-0.226951374369	0.093165580795	-0.053293017683	0	0
-0.136991018	-0.226825724587	0.09382411153	-0.053195468606	0	0
-0.136814937	-0.226699597116	0.094484495916	-0.053098126204	0	0
-0.136638856	-0.226572985107	0.095146741501	-0.053000988987	0	0
-0.136462775	-0.226445883854	0.095810842619	-0.052904055475	0	0
-0.136286694	-0.226318287287	0.096476805551	-0.052807324206	0	0
-0.136110613	-0.226190189239	0.097144625408	-0.05271079373	0	0
-0.135934532	-0.226061583442	0.097814308535	-0.05261446261	0	0
-0.135758451	-0.225932463521	0.098485849457	-0.052518329423	0	0
-0.13558237	-0.225802823002	0.099159255972	-0.052422392759	0	0
-0.135406289	-0.225672655299	0.099834520606	-0.052326651221	0	0
-0.135230208	-0.225541953719	0.10051165405	-0.052231103425	0	0
-0.135054127	-0.225410711458	0.101190659948	-0.052135748066	0	0
-0.134878046	-0.225278920189	0.101871520516	-0.052040584162	0	0
-0.134701965	-0.225146573907	0.102554252226	-0.051945609985	0	0
-0.134525884	-0.22501366553	0.103238851007	-0.051850824201	0	0
-0.134349803	-0.224880187778	0.103925314797	-0.051756225487	0	0
-0.134173722	-0.224746131224	0.104613654076	-0.051661812533	0	0
-0.133997641	-0.224611489351	0.105303864438	-0.05156758404	0	0
-0.13382156	-0.224476255167	0.105995947392	-0.051473538723	0	0
-0.133645479	-0.224340417266	0.106689915144	-0.051379675751	0	0
-0.133469398	-0.224203970886	0.107385747703	-0.051285993956	0	0
-0.133293317	-0.224066904583	0.108083462624	-0.051192491599	0	0
-0.133117236	-0.223929212269	0.108783056622	-0.05109916744	0	0
-0.132941155	-0.223790881872	0.109484531446	-0.051006020249	0	0
-0.132765074	-0.223651907256	0.110187900323	-0.050913049439	0	0
-0.132588993	-0.2235122771	0.110893146693	-0.050820253795	0	0
-0.132412912	-0.22337198194	0.111600279637	-0.050727631543	0	0
-0.132236831	-0.223231013001	0.112309301096	-0.050635181497	0	0
-0.13206075	-0.223089359922	0.113020225049	-0.050542903238	0	0
-0.131884669	-0.22294701132	0.11373303484	-0.050450795548	0	0
-0.131708588	-0.222803956939	0.114447744775	-0.050358856612	0	0
-0.131532507	-0.222660186451	0.11516435788	-0.050267085418	0	0
-0.131356426	-0.222515688639	0.115882866507	-0.050175482176	0	0
-0.131180345	-0.222370452052	0.11660327703	-0.050084044323	0	0
-0.131004264	-0.222224465006	0.117325596874	-0.049992770743	0	0
-0.130828183	-0.222077715574	0.118049836849	-0.049901662086	0	0
-0.130652102	-0.221930191367	0.118775976847	-0.049810715542	0	0
-0.130476021	-0.221781878445	0.119504045528	-0.049719930349	0	0
-0.13029994	-0.221632765343	0.12023402262	-0.049629306668	0	0
-0.130123859	-0.221482839085	0.120965922797	-0.049538841902	0	0
-0.129947778	-0.221332085019	0.121699755351	-0.049448536095	0	0
-0.129771697	-0.221180488465	0.122435511509	-0.049358388014	0	0
-0.129595616	-0.221028037405	0.123173202231	-0.049268395926	0	0
-0.129419535	-0.220874713028	0.123912828657	-0.049178560527	0	0
-0.129243454	-0.220720504096	0.124654390357	-0.049088878907	0	0
-0.129067373	-0.220565391731	0.125397907324	-0.048999351731	0	0
-0.128891292	-0.220409361185	0.126143357222	-0.048909976864	0	0
-0.128715211	-0.220252396271	0.126890773219	-0.048820754041	0	0
-0.12853913	-0.220094478959	0.127640135032	-0.048731682084	0	0
-0.128363049	-0.219935590491	0.128391466037	-0.048642759989	0	0
-0.128186968	-0.21977571395	0.129144752768	-0.048553987159	0	0
-0.128010887	-0.219614830342	0.129900017302	-0.048465362226	0	0
-0.127834806	-0.219452920194	0.130657247017	-0.0483768848	0	0
-0.127658725	-0.219289963539	0.131416464107	-0.048288553515	0	0
-0.127482644	-0.219125939068	0.132177660542	-0.048200367832	0	0
-0.127306563	-0.218960824825	0.132940851976	-0.048112326736	0	0
-0.127130482	-0.218794600284	0.133706026592	-0.048024429191	0	0
-0.126954401	-0.218627242957	0.134473216464	-0.047936674876	0	0
-0.12677832	-0.218458725906	0.135242395891	-0.04784906192	0	0
-0.126602239	-0.218289029262	0.136013603483	-0.047761591032	0	0
-0.126426158	-0.218118123007	0.13678682136	-0.047674259612	0	0
-0.126250077	-0.217945984464	0.137562060104	-0.047587068408	0	0
-0.126073996	-0.217772585984	0.138339336443	-0.047500015522	0	0
-0.125897915	-0.217597897954	0.139118638431	-0.047413100314	0	0
-0.125721834	-0.217421891595	0.139899993053	-0.04732632273	0	0
-0.125545753	-0.217244537321	0.140683398644	-0.047239680713	0	0
-0.125369672	-0.217065803726	0.141468853836	-0.047153174695	0	0
-0.125193591	-0.21688565693	0.142256383148	-0.047066803267	0	0
-0.12501751	-0.216704063439	0.143045987116	-0.046980565141	0	0
-0.124841429	-0.216520989369	0.143837661356	-0.046894461025	0	0
-0.124665348	-0.21633639656	0.144631431631	-0.046808488877	0	0
-0.124489267	-0.216150247035	0.145427300943	-0.046722647815	0	0
-0.124313186	-0.215962500502	0.146225265461	-0.046636938478	0	0
-0.124137105	-0.215773116806	0.14702535719	-0.046551358884	0	0
-0.123961024	-0.215582051651	0.147827569968	-0.046465908207	0	0
-0.123784943	-0.215389259166	0.148631908105	-0.046380586685	0	0
-0.123608862	-0.215194691829	0.149438396202	-0.046295393062	0	0
-0.123432781	-0.214998300402	0.150247042934	-0.046210326234	0	0
-0.1232567	-0.214800033848	0.151057839592	-0.04612538572	0	0
-0.123080619	-0.214599839123	0.151870823862	-0.046040571629	0	0
-0.122904538	-0.214397654539	0.152685991855	-0.045955882254	0	0
-0.122728457	-0.214193425262	0.153503359867	-0.045871316925	0	0
-0.122552376	-0.213987087059	0.154322923126	-0.04578687523	0	0
-0.122376295	-0.213778572704	0.155144725318	-0.045702557049	0	0
-0.122200214	-0.21356781295	0.15596876084	-0.045618360894	0	0
-0.122024133	-0.213354734415	0.156795043539	-0.045534286114	0	0
-0.121848052	-0.213139261396	0.157623587393	-0.045450332062	0	0
-0.121671971	-0.212921312028	0.158454402625	-0.045366498751	0	0
-0.12149589	-0.212700799435	0.159287518128	-0.045282785095	0	0
-0.121319809	-0.212477631396	0.160122941948	-0.045199190215	0	0
-0.121143728	-0.212251712851	0.160960686162	-0.045115713482	0	0
-0.120967647	-0.212022941295	0.161800773199	-0.045032354271	0	0
-0.120791566	-0.211791204202	0.162643208134	-0.044949112201	0	0
-0.120615485	-0.211556390026	0.163488034917	-0.044865986868	0	0
-0.120439404	-0.211318370261	0.164335253441	-0.04478297717	0	0
-0.120263323	-0.211077015477	0.165184889948	-0.044700082501	0	0
-0.120087242	-0.210832183803	0.166036962228	-0.044617302254	0	0
-0.119911161	-0.210583720896	0.166891492607	-0.04453463583	0	0
-0.11973508	-0.210331466824	0.167748503613	-0.044452082632	0	0
-0.119558999	-0.21007524212	0.168608012941	-0.044369642163	0	0
-0.119382918	-0.209814860518	0.16947006443	-0.044287314113	0	0
-0.119206837	-0.20955011233	0.170334673074	-0.044205097492	0	0
-0.119030756	-0.209280781031	0.171201866454	-0.044122991718	0	0
-0.118854675	-0.209006620874	0.172071677009	-0.044040996215	0	0
-0.118678594	-0.208727368457	0.172944133145	-0.043959110409	0	0
-0.118502513	-0.208442738151	0.173819268012	-0.043877333732	0	0
-0.118326432	-0.208152410706	0.174697119191	-0.043795665617	0	0
-0.118150351	-0.207856038119	0.175577721397	-0.043714105503	0	0
-0.11797427	-0.207553236771	0.176461114149	-0.043632652831	0	0
-0.117798189	-0.207243578274	0.177347342575	-0.043551307047	0	0
-0.117622108	-0.206926586353	0.178236448836	-0.043470067599	0	0
-0.117446027	-0.206601725558	0.179128484974	-0.043388933941	0	0
-0.117269946	-0.206268396529	0.180023499757	-0.043307905527	0	0
-0.117093865	-0.205925912471	0.180921553303	-0.043226981818	0	0
-0.116917784	-0.205573499165	0.181822706067	-0.043146162277	0	0
-0.116741703	-0.205210259927	0.182727023106	-0.043065446369	0	0
-0.116565622	-0.204835157894	0.183634579434	-0.042984833566	0	0
-0.116389541	-0.204446977957	0.184545453935	-0.04290432334	0	0
-0.11621346	-0.204044288487	0.185459740113	-0.042823915168	0	0
-0.116037379	-0.203625373022	0.186377532757	-0.042743608529	0	0
-0.115861298	-0.203188149636	0.18729894899	-0.042663402908	0	0
-0.115685217	-0.202730054831	0.188224113113	-0.042583297791	0	0
-0.115509136	-0.202247861561	0.189153173032	-0.042503292668	0	0
-0.115333055	-0.201737422808	0.1900862981	-0.042423387032	0	0
-0.115156974	-0.201193250499	0.191023690941	-0.042343580379	0	0
-0.114980893	-0.200607807358	0.191965596944	-0.04226387221	0	0
-0.114804812	-0.199970279049	0.192912319383	-0.042184262026	0	0
-0.114628731	-0.199264081866	0.193864250776	-0.042104749334	0	0
-0.11445265	-0.198461425404	0.19482192711	-0.042025333643	0	0
-0.114276569	-0.197508475957	0.195786136161	-0.041946014465	0	0
-0.114100488	-0.196268227475	0.196758238494	-0.041866791316	0	0
-0.113924407	-0.193739674431	0.197741863769	-0.041787663713	0	0
-0.113748326	0	0	-0.041708631179	0	0
-0.113572245	0	0	-0.041629693237	0	0
-0.113396164	0	0	-0.041550849486	0	0
-0.113220083	0	0	-0.041472099752	0	0
-0.113044002	0	0	-0.041393443222	0	0
-0.112867921	0	0	-0.041314879432	0	0
-0.11269184	0	0	-0.04123640792	0	0
-0.112515759	0	0	-0.041158028229	0	0
-0.112339678	0	0	-0.041079739903	0	0
-0.112163597	0	0	-0.041001542489	0	0
-0.111987516	0	0	-0.040923435827	0	0
-0.111811435	0	0	-0.040845419495	0	0
-0.111635354	0	0	-0.040767492752	0	0
-0.111459273	0	0	-0.040689655158	0	0
-0.111283192	0	0	-0.040611906273	0	0
-0.111107111	0	0	-0.040534245661	0	0
-0.11093103	0	0	-0.040456673281	0	0
-0.110754949	0	0	-0.040379188636	0	0
-0.110578868	0	0	-0.040301790988	0	0
-0.110402787	0	0	-0.040224479911	0	0
-0.110226706	0	0	-0.040147254983	0	0
-0.110050625	0	0	-0.040070116196	0	0
-0.109874544	0	0	-0.039993063115	0	0
-0.109698463	0	0	-0.039916094944	0	0
-0.109522382	0	0	-0.03983921127	0	0
-0.109346301	0	0	-0.039762411726	0	0
-0.10917022	0	0	-0.039685696696	0	0
-0.108994139	0	0	-0.039609064954	0	0
-0.108818058	0	0	-0.039532516096	0	0
-0.108641977	0	0	-0.039456049722	0	0
-0.108465896	0	0	-0.039379666365	0	0
-0.108289815	0	0	-0.039303364724	0	0
-0.108113734	0	0	-0.039227144394	0	0
-0.107937653	0	0	-0.039151005207	0	0
-0.107761572	0	0	-0.039074947331	0	0
-0.107585491	0	0	-0.038998969611	0	0
-0.10740941	0	0	-0.038923071662	0	0
-0.107233329	0	0	-0.03884725385	0	0
-0.107057248	0	0	-0.038771515366	0	0
-0.106881167	0	0	-0.038695855526	0	0
-0.106705086	0	0	-0.038620274382	0	0
-0.106529005	0	0	-0.038544771816	0	0
-0.106352924	0	0	-0.038469346786	0	0
-0.106176843	0	0	-0.03839399919	0	0
-0.106000762	0	0	-0.038318729281	0	0
-0.105824681	0	0	-0.038243535818	0	0
-0.1056486	0	0	-0.038168418698	0	0
-0.105472519	0	0	-0.038093378238	0	0
-0.105296438	0	0	-0.038018413153	0	0
-0.105120357	0	0	-0.037943523487	0	0
-0.104944276	0	0	-0.037868709322	0	0
-0.104768195	0	0	-0.037793969479	0	0
-0.104592114	0	0	-0.037719304292	0	0
-0.104416033	0	0	-0.03764471332	0	0
-0.104239952	0	0	-0.037570195635	0	0
-0.104063871	0	0	-0.037495751999	0	0
-0.10388779	0	0	-0.037421381169	0	0
-0.103711709	0	0	-0.037347082932	0	0
-0.103535628	0	0	-0.03727285764	0	0
-0.103359547	0	0	-0.037198703952	0	0
-0.103183466	0	0	-0.037124622506	0	0
-0.103007385	0	0	-0.037050612395	0	0
-0.102831304	0	0	-0.036976673248	0	0
-0.102655223	0	0	-0.036902805432	0	0
-0.102479142	0	0	-0.036829007583	0	0
-0.102303061	0	0	-0.036755280587	0	0
-0.10212698	0	0	-0.036681623124	0	0
-0.101950899	0	0	-0.036608035407	0	0
-0.101774818	0	0	-0.036534517082	0	0
-0.101598737	0	0	-0.036461067465	0	0
-0.101422656	0	0	-0.036387687042	0	0
-0.101246575	0	0	-0.036314374371	0	0
-0.101070494	0	0	-0.036241130615	0	0
-0.100894413	0	0	-0.036167954008	0	0
-0.100718332	0	0	-0.036094845435	0	0
-0.100542251	0	0	-0.036021803689	0	0
-0.10036617	0	0	-0.03594882916	0	0
-0.100190089	0	0	-0.035875921085	0	0
-0.100014008	0	0	-0.035803079472	0	0
-0.099837927	0	0	-0.035730303891	0	0
-0.099661846	0	0	-0.035657594076	0	0
-0.099485765	0	0	-0.035584949823	0	0
-0.099309684	0	0	-0.0355123707	0	0
-0.099133603	0	0	-0.035439856622	0	0
-0.098957522	0	0	-0.035367407096	0	0
-0.098781441	0	0	-0.035295022051	0	0
-0.09860536	0	0	-0.035222701038	0	0
-0.098429279	0	0	-0.035150443895	0	0
-0.098253198	0	0	-0.03507825032	0	0
-0.098077117	0	0	-0.035006119962	0	0
-0.097901036	0	0	-0.03493405276	0	0
-0.097724955	0	0	-0.03486204808	0	0
-0.097548874	0	0	-0.034790106199	0	0
-0.097372793	0	0	-0.034718226101	0	0
-0.097196712	0	0	-0.034646408496	0	0
-0.097020631	0	0	-0.034574651937	0	0
-0.09684455	0	0	-0.034502957534	0	0
-0.096668469	0	0	-0.034431323719	0	0
-0.096492388	0	0	-0.034359751216	0	0
-0.096316307	0	0	-0.034288239126	0	0
-0.096140226	0	0	-0.034216787465	0	0
-0.095964145	0	0	-0.034145396091	0	0
-0.095788064	0	0	-0.034074064224	0	0
-0.095611983	0	0	-0.034002792566	0	0
-0.095435902	0	0	-0.033931579756	0	0
-0.095259821	0	0	-0.033860426526	0	0
-0.09508374	0	0	-0.033789331963	0	0
-0.094907659	0	0	-0.033718295964	0	0
-0.094731578	0	0	-0.033647318672	0	0
-0.094555497	0	0	-0.033576399049	0	0
-0.094379416	0	0	-0.033505537903	0	0
-0.094203335	0	0	-0.033434734116	0	0
-0.094027254	0	0	-0.033363987698	0	0
-0.093851173	0	0	-0.033293298792	0	0
-0.093675092	0	0	-0.033222666404	0	0
-0.093499011	0	0	-0.033152091148	0	0
-0.09332293	0	0	-0.033081572239	0	0
-0.093146849	0	0	-0.033011109272	0	0
-0.092970768	0	0	-0.032940702908	0	0
-0.092794687	0	0	-0.032870351935	0	0
-0.092618606	0	0	-0.032800056527	0	0
-0.092442525	0	0	-0.03272981673	0	0
-0.092266444	0	0	-0.032659631661	0	0
-0.092090363	0	0	-0.032589501695	0	0
-0.091914282	0	0	-0.032519426451	0	0
-0.091738201	0	0	-0.032449405282	0	0
-0.09156212	0	0	-0.032379438672	0	0
-0.091386039	0	0	-0.032309525993	0	0
-0.091209958	0	0	-0.032239666746	0	0
-0.091033877	0	0	-0.032169861434	0	0
-0.090857796	0	0	-0.03210010936	0	0
-0.090681715	0	0	-0.032030410082	0	0
-0.090505634	0	0	-0.03196076404	0	0
-0.090329553	0	0	-0.031891170637	0	0
-0.090153472	0	0	-0.031821629402	0	0
-0.089977391	0	0	-0.03175214063	0	0
-0.08980131	0	0	-0.031682703988	0	0
-0.089625229	0	0	-0.031613318895	0	0
-0.089449148	0	0	-0.031543985421	0	0
-0.089273067	0	0	-0.031474703656	0	0
-0.089096986	0	0	-0.031405472829	0	0
-0.088920905	0	0	-0.03133629274	0	0
-0.088744824	0	0	-0.031267163961	0	0
-0.088568743	0	0	-0.031198085547	0	0
-0.088392662	0	0	-0.03112905727	0	0
-0.088216581	0	0	-0.031060079298	0	0
-0.0880405	0	0	-0.030991151469	0	0
-0.087864419	0	0	-0.030922273183	0	0
-0.087688338	0	0	-0.030853444249	0	0
-0.087512257	0	0	-0.030784665089	0	0
-0.087336176	0	0	-0.030715934998	0	0
-0.087160095	0	0	-0.030647253674	0	0
-0.086984014	0	0	-0.030578620972	0	0
-0.086807933	0	0	-0.030510037301	0	0
-0.086631852	0	0	-0.030441501821	0	0
-0.086455771	0	0	-0.030373014344	0	0
-0.08627969	0	0	-0.030304574755	0	0
-0.086103609	0	0	-0.030236183375	0	0
-0.085927528	0	0	-0.030167839431	0	0
-0.085751447	0	0	-0.030099542739	0	0
-0.085575366	0	0	-0.030031293116	0	0
-0.085399285	0	0	-0.029963090961	0	0
-0.085223204	0	0	-0.029894935529	0	0
-0.085047123	0	0	-0.029826826611	0	0
-0.084871042	0	0	-0.029758764025	0	0
-0.084694961	0	0	-0.029690747919	0	0
-0.08451888	0	0	-0.029622778026	0	0
-0.084342799	0	0	-0.029554853919	0	0
-0.084166718	0	0	-0.02948697542	0	0
-0.083990637	0	0	-0.029419142354	0	0
-0.083814556	0	0	-0.029351355034	0	0
-0.083638475	0	0	-0.029283612825	0	0
-0.083462394	0	0	-0.029215915512	0	0
-0.083286313	0	0	-0.029148262921	0	0
-0.083110232	0	0	-0.029080654879	0	0
-0.082934151	0	0	-0.029013091687	0	0
-0.08275807	0	0	-0.028945572704	0	0
-0.082581989	0	0	-0.028878097746	0	0
-0.082405908	0	0	-0.028810666641	0	0
-0.082229827	0	0	-0.028743279219	0	0
-0.082053746	0	0	-0.028675935596	0	0
-0.081877665	0	0	-0.028608635473	0	0
-0.081701584	0	0	-0.028541378518	0	0
-0.081525503	0	0	-0.028474164565	0	0
-0.081349422	0	0	-0.028406993446	0	0
-0.081173341	0	0	-0.028339864996	0	0
-0.08099726	0	0	-0.028272779386	0	0
-0.080821179	0	0	-0.02820573617	0	0
-0.080645098	0	0	-0.02813873512	0	0
-0.080469017	0	0	-0.028071776072	0	0
-0.080292936	0	0	-0.028004858864	0	0
-0.080116855	0	0	-0.027937983333	0	0
-0.079940774	0	0	-0.027871149478	0	0
-0.079764693	0	0	-0.027804357167	0	0
-0.079588612	0	0	-0.027737606041	0	0
-0.079412531	0	0	-0.027670895942	0	0
-0.07923645	0	0	-0.02760422671	0	0
-0.079060369	0	0	-0.027537598187	0	0
-0.078884288	0	0	-0.027471010214	0	0
-0.078708207	0	0	-0.027404462713	0	0
-0.078532126	0	0	-0.027337955671	0	0
-0.078356045	0	0	-0.027271488702	0	0
-0.078179964	0	0	-0.027205061649	0	0
-0.078003883	0	0	-0.027138674358	0	0
-0.077827802	0	0	-0.027072326675	0	0
-0.077651721	0	0	-0.027006018445	0	0
-0.07747564	0	0	-0.026939749515	0	0
-0.077299559	0	0	-0.026873519732	0	0
-0.077123478	0	0	-0.026807329167	0	0
-0.076947397	0	0	-0.026741177466	0	0
-0.076771316	0	0	-0.02667506445	0	0
-0.076595235	0	0	-0.026608989968	0	0
-0.076419154	0	0	-0.026542953872	0	0
-0.076243073	0	0	-0.026476956011	0	0
-0.076066992	0	0	-0.026410996236	0	0
-0.075890911	0	0	-0.0263450744	0	0
-0.07571483	0	0	-0.026279190353	0	0
-0.075538749	0	0	-0.02621334395	0	0
-0.075362668	0	0	-0.026147535154	0	0
-0.075186587	0	0	-0.026081763781	0	0
-0.075010506	0	0	-0.026016029605	0	0
-0.074834425	0	0	-0.025950332483	0	0
-0.074658344	0	0	-0.025884672269	0	0
-0.074482263	0	0	-0.025819048819	0	0
-0.074306182	0	0	-0.02575346199	0	0
-0.074130101	0	0	-0.025687911638	0	0
-0.07395402	0	0	-0.025622397622	0	0
-0.073777939	0	0	-0.025556919798	0	0
-0.073601858	0	0	-0.025491478025	0	0
-0.073425777	0	0	-0.025426072163	0	0
-0.073249696	0	0	-0.02536070207	0	0
-0.073073615	0	0	-0.025295367607	0	0
-0.072897534	0	0	-0.025230068634	0	0
-0.072721453	0	0	-0.025164805111	0	0
-0.072545372	0	0	-0.025099576805	0	0
-0.072369291	0	0	-0.025034383568	0	0
-0.07219321	0	0	-0.024969225262	0	0
-0.072017129	0	0	-0.02490410175	0	0
-0.071841048	0	0	-0.024839012895	0	0
-0.071664967	0	0	-0.024773958562	0	0
-0.071488886	0	0	-0.024708938615	0	0
-0.071312805	0	0	-0.024643952918	0	0
-0.071136724	0	0	-0.024579001336	0	0
-0.070960643	0	0	-0.024514083736	0	0
-0.070784562	0	0	-0.024449199984	0	0
-0.070608481	0	0	-0.024384349945	0	0
-0.0704324	0	0	-0.024319533488	0	0
-0.070256319	0	0	-0.02425475048	0	0
-0.070080238	0	0	-0.024190000789	0	0
-0.069904157	0	0	-0.024125284283	0	0
-0.069728076	0	0	-0.024060600831	0	0
-0.069551995	0	0	-0.023995950302	0	0
-0.069375914	0	0	-0.023931332567	0	0
-0.069199833	0	0	-0.023866747495	0	0
-0.069023752	0	0	-0.023802194958	0	0
-0.068847671	0	0	-0.023737674826	0	0
-0.06867159	0	0	-0.02367318697	0	0
-0.068495509	0	0	-0.023608731263	0	0
-0.068319428	0	0	-0.023544307578	0	0
-0.068143347	0	0	-0.023479915786	0	0
-0.067967266	0	0	-0.023415555762	0	0
-0.067791185	0	0	-0.023351227379	0	0
-0.067615104	0	0	-0.02328693051	0	0
-0.067439023	0	0	-0.023222665031	0	0
-0.067262942	0	0	-0.023158430817	0	0
-0.067086861	0	0	-0.023094227743	0	0
-0.06691078	0	0	-0.023030055684	0	0
-0.066734699	0	0	-0.022965914517	0	0
-0.066558618	0	0	-0.022901804118	0	0
-0.066382537	0	0	-0.022837724365	0	0
-0.066206456	0	0	-0.022773675134	0	0
-0.066030375	0	0	-0.022709656304	0	0
-0.065854294	0	0	-0.022645667753	0	0
-0.065678213	0	0	-0.022581709359	0	0
-0.065502132	0	0	-0.022517781002	0	0
-0.065326051	0	0	-0.02245388256	0	0
-0.06514997	0	0	-0.022390013914	0	0
-0.064973889	0	0	-0.022326174944	0	0
-0.064797808	0	0	-0.02226236553	0	0
-0.064621727	0	0	-0.022198585553	0	0
-0.064445646	0	0	-0.022134834895	0	0
-0.064269565	0	0	-0.022071113437	0	0
-0.064093484	0	0	-0.022007421061	0	0
-0.063917403	0	0	-0.021943757699	0	0
-0.063741322	0	0	-0.021880123229	0	0
-0.063565241	0	0	-0.021816517492	0	0
-0.06338916	0	0	-0.021752940373	0	0
-0.063213079	0	0	-0.021689391755	0	0
-0.063036998	0	0	-0.021625871522	0	0
-0.062860917	0	0	-0.021562379559	0	0
-0.062684836	0	0	-0.021498915752	0	0
-0.062508755	0	0	-0.021435479985	0	0
-0.062332674	0	0	-0.021372072144	0	0
-0.062156593	0	0	-0.021308692116	0	0
-0.061980512	0	0	-0.021245339787	0	0
-0.061804431	0	0	-0.021182015044	0	0
-0.06162835	0	0	-0.021118717774	0	0
-0.061452269	0	0	-0.021055447864	0	0
-0.061276188	0	0	-0.020992205203	0	0
-0.061100107	0	0	-0.02092898975	0	0
-0.060924026	0	0	-0.020865801387	0	0
-0.060747945	0	0	-0.020802639941	0	0
-0.060571864	0	0	-0.0207395053	0	0
-0.060395783	0	0	-0.020676397354	0	0
-0.060219702	0	0	-0.020613315993	0	0
-0.060043621	0	0	-0.020550261107	0	0
-0.05986754	0	0	-0.020487232587	0	0
-0.059691459	0	0	-0.020424230325	0	0
-0.059515378	0	0	-0.02036125421	0	0
-0.059339297	0	0	-0.020298304135	0	0
-0.059163216	0	0	-0.020235379992	0	0
-0.058987135	0	0	-0.020172481816	0	0
-0.058811054	0	0	-0.020109609377	0	0
-0.058634973	0	0	-0.020046762549	0	0
-0.058458892	0	0	-0.019983941226	0	0
-0.058282811	0	0	-0.0199211453	0	0
-0.05810673	0	0	-0.019858374666	0	0
-0.057930649	0	0	-0.019795629217	0	0
-0.057754568	0	0	-0.019732908849	0	0
-0.057578487	0	0	-0.019670213457	0	0
-0.057402406	0	0	-0.019607542966	0	0
-0.057226325	0	0	-0.019544897392	0	0
-0.057050244	0	0	-0.019482276479	0	0
-0.056874163	0	0	-0.019419680126	0	0
-0.056698082	0	0	-0.019357108227	0	0
-0.056522001	0	0	-0.01929456068	0	0
-0.05634592	0	0	-0.019232037382	0	0
-0.056169839	0	0	-0.019169538229	0	0
-0.055993758	0	0	-0.01910706312	0	0
-0.055817677	0	0	-0.019044612078	0	0
-0.055641596	0	0	-0.018982184947	0	0
-0.055465515	0	0	-0.018919781555	0	0
-0.055289434	0	0	-0.018857401799	0	0
-0.055113353	0	0	-0.018795045581	0	0
-0.054937272	0	0	-0.018732712798	0	0
-0.054761191	0	0	-0.01867040335	0	0
-0.05458511	0	0	-0.018608117137	0	0
-0.054409029	0	0	-0.018545854248	0	0
-0.054232948	0	0	-0.018483614416	0	0
-0.054056867	0	0	-0.018421397521	0	0
-0.053880786	0	0	-0.018359203464	0	0
-0.053704705	0	0	-0.018297032146	0	0
-0.053528624	0	0	-0.01823488347	0	0
-0.053352543	0	0	-0.018172757335	0	0
-0.053176462	0	0	-0.018110653811	0	0
-0.053000381	0	0	-0.018048572688	0	0
-0.0528243	0	0	-0.017986513815	0	0
-0.052648219	0	0	-0.017924477096	0	0
-0.052472138	0	0	-0.017862462432	0	0
-0.052296057	0	0	-0.017800469729	0	0
-0.052119976	0	0	-0.017738498903	0	0
-0.051943895	0	0	-0.017676550058	0	0
-0.051767814	0	0	-0.017614622884	0	0
-0.051591733	0	0	-0.017552717286	0	0
-0.051415652	0	0	-0.01749083317	0	0
-0.051239571	0	0	-0.017428970439	0	0
-0.05106349	0	0	-0.017367129	0	0
-0.050887409	0	0	-0.017305308934	0	0
-0.050711328	0	0	-0.017243510028	0	0
-0.050535247	0	0	-0.017181732131	0	0
-0.050359166	0	0	-0.017119975149	0	0
-0.050183085	0	0	-0.017058238988	0	0
-0.050007004	0	0	-0.016996523555	0	0
-0.049830923	0	0	-0.016934828937	0	0
-0.049654842	0	0	-0.016873154921	0	0
-0.049478761	0	0	-0.016811501356	0	0
-0.04930268	0	0	-0.016749868148	0	0
-0.049126599	0	0	-0.016688255206	0	0
-0.048950518	0	0	-0.016626662437	0	0
-0.048774437	0	0	-0.016565089995	0	0
-0.048598356	0	0	-0.016503537544	0	0
-0.048422275	0	0	-0.016442004993	0	0
-0.048246194	0	0	-0.01638049225	0	0
-0.048070113	0	0	-0.016318999226	0	0
-0.047894032	0	0	-0.016257525948	0	0
-0.047717951	0	0	-0.016196072337	0	0
-0.04754187	0	0	-0.016134638174	0	0
-0.047365789	0	0	-0.016073223369	0	0
-0.047189708	0	0	-0.016011827831	0	0
-0.047013627	0	0	-0.01595045151	0	0
-0.046837546	0	0	-0.015889094494	0	0
-0.046661465	0	0	-0.015827756478	0	0
-0.046485384	0	0	-0.015766437375	0	0
-0.046309303	0	0	-0.015705137095	0	0
-0.046133222	0	0	-0.015643855551	0	0
-0.045957141	0	0	-0.015582592907	0	0
-0.04578106	0	0	-0.015521348825	0	0
-0.045604979	0	0	-0.015460123215	0	0
-0.045428898	0	0	-0.015398915989	0	0
-0.045252817	0	0	-0.015337727062	0	0
-0.045076736	0	0	-0.015276556598	0	0
-0.044900655	0	0	-0.015215404261	0	0
-0.044724574	0	0	-0.015154269962	0	0
-0.044548493	0	0	-0.015093153614	0	0
-0.044372412	0	0	-0.015032055161	0	0
-0.044196331	0	0	-0.014970974715	0	0
-0.04402025	0	0	-0.014909911962	0	0
-0.043844169	0	0	-0.014848866816	0	0
-0.043668088	0	0	-0.014787839192	0	0
-0.043492007	0	0	-0.014726829102	0	0
-0.043315926	0	0	-0.014665836528	0	0
-0.043139845	0	0	-0.01460486122	0	0
-0.042963764	0	0	-0.014543903095	0	0
-0.042787683	0	0	-0.014482962068	0	0
-0.042611602	0	0	-0.014422038248	0	0
-0.042435521	0	0	-0.014361131426	0	0
-0.04225944	0	0	-0.01430024145	0	0
-0.042083359	0	0	-0.014239368237	0	0
-0.041907278	0	0	-0.014178511756	0	0
-0.041731197	0	0	-0.014117672079	0	0
-0.041555116	0	0	-0.014056848915	0	0
-0.041379035	0	0	-0.01399604218	0	0
-0.041202954	0	0	-0.013935251794	0	0
-0.041026873	0	0	-0.013874477871	0	0
-0.040850792	0	0	-0.013813720192	0	0
-0.040674711	0	0	-0.013752978613	0	0
-0.04049863	0	0	-0.013692253053	0	0
-0.040322549	0	0	-0.013631543536	0	0
-0.040146468	0	0	-0.013570850028	0	0
-0.039970387	0	0	-0.013510172292	0	0
-0.039794306	0	0	-0.013449510249	0	0
-0.039618225	0	0	-0.013388863853	0	0
-0.039442144	0	0	-0.013328233211	0	0
-0.039266063	0	0	-0.013267618017	0	0
-0.039089982	0	0	-0.013207018192	0	0
-0.038913901	0	0	-0.013146433656	0	0
-0.03873782	0	0	-0.013085864571	0	0
-0.038561739	0	0	-0.01302531063	0	0
-0.038385658	0	0	-0.012964771736	0	0
-0.038209577	0	0	-0.01290424781	0	0
-0.038033496	0	0	-0.012843738982	0	0
-0.037857415	0	0	-0.012783245011	0	0
-0.037681334	0	0	-0.012722765771	0	0
-0.037505253	0	0	-0.012662301181	0	0
-0.037329172	0	0	-0.012601851354	0	0
-0.037153091	0	0	-0.012541416085	0	0
-0.03697701	0	0	-0.01248099523	0	0
-0.036800929	0	0	-0.012420588711	0	0
-0.036624848	0	0	-0.012360196637	0	0
-0.036448767	0	0	-0.01229981881	0	0
-0.036272686	0	0	-0.012239455084	0	0
-0.036096605	0	0	-0.012179105381	0	0
-0.035920524	0	0	-0.012118769823	0	0
-0.035744443	0	0	-0.012058448187	0	0
-0.035568362	0	0	-0.011998140341	0	0
-0.035392281	0	0	-0.011937846208	0	0
-0.0352162	0	0	-0.011877565935	0	0
-0.035040119	0	0	-0.011817299249	0	0
-0.034864038	0	0	-0.011757046045	0	0
-0.034687957	0	0	-0.011696806256	0	0
-0.034511876	0	0	-0.011636580037	0	0
-0.034335795	0	0	-0.01157636707	0	0
-0.034159714	0	0	-0.011516167279	0	0
-0.033983633	0	0	-0.011455980645	0	0
-0.033807552	0	0	-0.011395807227	0	0
-0.033631471	0	0	-0.011335646756	0	0
-0.03345539	0	0	-0.011275499157	0	0
-0.033279309	0	0	-0.011215364471	0	0
-0.033103228	0	0	-0.011155242637	0	0
-0.032927147	0	0	-0.011095133448	0	0
-0.032751066	0	0	-0.01103503683	0	0
-0.032574985	0	0	-0.010974952892	0	0
-0.032398904	0	0	-0.010914881434	0	0
-0.032222823	0	0	-0.010854822322	0	0
-0.032046742	0	0	-0.0107947755	0	0
-0.031870661	0	0	-0.010734741097	0	0
-0.03169458	0	0	-0.010674718817	0	0
-0.031518499	0	0	-0.010614708585	0	0
-0.031342418	0	0	-0.010554710431	0	0
-0.031166337	0	0	-0.010494724311	0	0
-0.030990256	0	0	-0.010434750017	0	0
-0.030814175	0	0	-0.010374787476	0	0
-0.030638094	0	0	-0.01031483681	0	0
-0.030462013	0	0	-0.010254897788	0	0
-0.030285932	0	0	-0.010194970298	0	0
-0.030109851	0	0	-0.010135054327	0	0
-0.02993377	0	0	-0.010075149914	0	0
-0.029757689	0	0	-0.010015256812	0	0
-0.029581608	0	0	-0.009955374951	0	0
-0.029405527	0	0	-0.009895504421	0	0
-0.029229446	0	0	-0.00983564505	0	0
-0.029053365	0	0	-0.0097757967	0	0
-0.028877284	0	0	-0.009715959347	0	0
-0.028701203	0	0	-0.009656133049	0	0
-0.028525122	0	0	-0.009596317556	0	0
-0.028349041	0	0	-0.009536512794	0	0
-0.02817296	0	0	-0.009476718857	0	0
-0.027996879	0	0	-0.009416935568	0	0
-0.027820798	0	0	-0.009357162795	0	0
-0.027644717	0	0	-0.009297400529	0	0
-0.027468636	0	0	-0.009237648795	0	0
-0.027292555	0	0	-0.009177907363	0	0
-0.027116474	0	0	-0.009118176162	0	0
-0.026940393	0	0	-0.009058455304	0	0
-0.026764312	0	0	-0.008998744567	0	0
-0.026588231	0	0	-0.008939043847	0	0
-0.02641215	0	0	-0.00887935317	0	0
-0.026236069	0	0	-0.008819672485	0	0
-0.026059988	0	0	-0.008760001605	0	0
-0.025883907	0	0	-0.008700340474	0	0
-0.025707826	0	0	-0.008640689202	0	0
-0.025531745	0	0	-0.008581047523	0	0
-0.025355664	0	0	-0.008521415366	0	0
-0.025179583	0	0	-0.008461792811	0	0
-0.025003502	0	0	-0.008402179696	0	0
-0.024827421	0	0	-0.008342575893	0	0
-0.02465134	0	0	-0.008282981411	0	0
-0.024475259	0	0	-0.008223396227	0	0
-0.024299178	0	0	-0.008163820145	0	0
-0.024123097	0	0	-0.008104253112	0	0
-0.023947016	0	0	-0.008044695227	0	0
-0.023770935	0	0	-0.007985146235	0	0
-0.023594854	0	0	-0.007925606069	0	0
-0.023418773	0	0	-0.007866074812	0	0
-0.023242692	0	0	-0.007806552283	0	0
-0.023066611	0	0	-0.007747038371	0	0
-0.02289053	0	0	-0.007687533106	0	0
-0.022714449	0	0	-0.007628036413	0	0
-0.022538368	0	0	-0.007568548131	0	0
-0.022362287	0	0	-0.00750906824	0	0
-0.022186206	0	0	-0.007449596761	0	0
-0.022010125	0	0	-0.007390133485	0	0
-0.021834044	0	0	-0.007330678351	0	0
-0.021657963	0	0	-0.007271231464	0	0
-0.021481882	0	0	-0.007211792575	0	0
-0.021305801	0	0	-0.007152361618	0	0
-0.02112972	0	0	-0.007092938669	0	0
-0.020953639	0	0	-0.007033523548	0	0
-0.020777558	0	0	-0.006974116155	0	0
-0.020601477	0	0	-0.006914716527	0	0
-0.020425396	0	0	-0.006855324559	0	0
-0.020249315	0	0	-0.006795940114	0	0
-0.020073234	0	0	-0.006736563196	0	0
-0.019897153	0	0	-0.006677193767	0	0
-0.019721072	0	0	-0.006617831657	0	0
-0.019544991	0	0	-0.006558476841	0	0
-0.01936891	0	0	-0.006499129337	0	0
-0.019192829	0	0	-0.006439788951	0	0
-0.019016748	0	0	-0.00638045563	0	0
-0.018840667	0	0	-0.006321129443	0	0
-0.018664586	0	0	-0.00626181017	0	0
-0.018488505	0	0	-0.006202497748	0	0
-0.018312424	0	0	-0.006143192259	0	0
-0.018136343	0	0	-0.006083893493	0	0
-0.017960262	0	0	-0.006024601376	0	0
-0.017784181	0	0	-0.005965315968	0	0
-0.0176081	0	0	-0.005906037104	0	0
-0.017432019	0	0	-0.005846764687	0	0
-0.017255938	0	0	-0.005787498758	0	0
-0.017079857	0	0	-0.00572823919	0	0
-0.016903776	0	0	-0.005668985871	0	0
-0.016727695	0	0	-0.005609738821	0	0
-0.016551614	0	0	-0.005550497947	0	0
-0.016375533	0	0	-0.005491263123	0	0
-0.016199452	0	0	-0.005432034354	0	0
-0.016023371	0	0	-0.005372811573	0	0
-0.01584729	0	0	-0.005313594644	0	0
-0.015671209	0	0	-0.005254383558	0	0
-0.015495128	0	0	-0.005195178272	0	0
-0.015319047	0	0	-0.005135978639	0	0
-0.015142966	0	0	-0.00507678464	0	0
-0.014966885	0	0	-0.005017596251	0	0
-0.014790804	0	0	-0.004958413317	0	0
-0.014614723	0	0	-0.00489923581	0	0
-0.014438642	0	0	-0.004840063722	0	0
-0.014262561	0	0	-0.004780896892	0	0
-0.01408648	0	0	-0.004721735284	0	0
-0.013910399	0	0	-0.004662578901	0	0
-0.013734318	0	0	-0.004603427581	0	0
-0.013558237	0	0	-0.00454428128	0	0
-0.013382156	0	0	-0.00448514001	0	0
-0.013206075	0	0	-0.004426003606	0	0
-0.013029994	0	0	-0.00436687202	0	0
-0.012853913	0	0	-0.004307745271	0	0
-0.012677832	0	0	-0.004248623192	0	0
-0.012501751	0	0	-0.004189505733	0	0
-0.01232567	0	0	-0.004130392914	0	0
-0.012149589	0	0	-0.004071284569	0	0
-0.011973508	0	0	-0.004012180647	0	0
-0.011797427	0	0	-0.003953081168	0	0
-0.011621346	0	0	-0.00389398597	0	0
-0.011445265	0	0	-0.003834894997	0	0
-0.011269184	0	0	-0.00377580827	0	0
-0.011093103	0	0	-0.003716725629	0	0
-0.010917022	0	0	-0.003657647019	0	0
-0.010740941	0	0	-0.003598572457	0	0
-0.01056486	0	0	-0.003539501787	0	0
-0.010388779	0	0	-0.003480434954	0	0
-0.010212698	0	0	-0.00342137197	0	0
-0.010036617	0	0	-0.003362312686	0	0
-0.009860536	0	0	-0.003303257044	0	0
-0.009684455	0	0	-0.003244205054	0	0
-0.009508374	0	0	-0.00318515657	0	0
-0.009332293	0	0	-0.003126111536	0	0
-0.009156212	0	0	-0.003067069955	0	0
-0.008980131	0	0	-0.003008031687	0	0
-0.00880405	0	0	-0.002948996678	0	0
-0.008627969	0	0	-0.002889964924	0	0
-0.008451888	0	0	-0.002830936289	0	0
-0.008275807	0	0	-0.002771910722	0	0
-0.008099726	0	0	-0.002712888211	0	0
-0.007923645	0	0	-0.002653868628	0	0
-0.007747564	0	0	-0.002594851921	0	0
-0.007571483	0	0	-0.002535838072	0	0
-0.007395402	0	0	-0.002476826959	0	0
-0.007219321	0	0	-0.002417818531	0	0
-0.00704324	0	0	-0.002358812764	0	0
-0.006867159	0	0	-0.002299809539	0	0
-0.006691078	0	0	-0.002240808811	0	0
-0.006514997	0	0	-0.002181810544	0	0
-0.006338916	0	0	-0.002122814629	0	0
-0.006162835	0	0	-0.00206382102	0	0
-0.005986754	0	0	-0.002004829675	0	0
-0.005810673	0	0	-0.00194584049	0	0
-0.005634592	0	0	-0.00188685342	0	0
-0.005458511	0	0	-0.001827868418	0	0
-0.00528243	0	0	-0.001768885384	0	0
-0.005106349	0	0	-0.001709904275	0	0
-0.004930268	0	0	-0.001650925037	0	0
-0.004754187	0	0	-0.001591947576	0	0
-0.004578106	0	0	-0.00153297185	0	0
-0.004402025	0	0	-0.001473997798	0	0
-0.004225944	0	0	-0.001415025333	0	0
-0.004049863	0	0	-0.001356054412	0	0
-0.003873782	0	0	-0.001297084969	0	0
-0.003697701	0	0	-0.001238116922	0	0
-0.00352162	0	0	-0.001179150227	0	0
-0.003345539	0	0	-0.001120184816	0	0
-0.003169458	0	0	-0.001061220611	0	0
-0.002993377	0	0	-0.001002257566	0	0
-0.002817296	0	0	-9.4329561E-4	0	0
-0.002641215	0	0	-8.8433467E-4	0	0
-0.002465134	0	0	-8.25374698E-4	0	0
-0.002289053	0	0	-7.66415621E-4	0	0
-0.002112972	0	0	-7.07457369E-4	0	0
-0.001936891	0	0	-6.48499893E-4	0	0
-0.00176081	0	0	-5.89543119E-4	0	0
-0.001584729	0	0	-5.3058698E-4	0	0
-0.001408648	0	0	-4.71631423E-4	0	0
-0.001232567	0	0	-4.12676376E-4	0	0
-0.001056486	0	0	-3.53721774E-4	0	0
-8.80405E-4	0	0	-2.9476756E-4	0	0
-7.04324E-4	0	0	-2.35813665E-4	0	0
-5.28243E-4	0	0	-1.76860023E-4	0	0
-3.52162E-4	0	0	-1.17906576E-4	0	0
-1.76081E-4	0	0	-5.8953256E-5	0	0
0	0	0	0	0	0
1.76081E-4	0	0	5.8953256E-5	0	0
3.52162E-4	0	0	1.17906576E-4	0	0
5.28243E-4	0	0	1.76860023E-4	0	0
7.04324E-4	0	0	2.35813665E-4	0	0
8.80405E-4	0	0	2.9476756E-4	0	0
0.001056486	0	0	3.53721774E-4	0	0
0.001232567	0	0	4.12676376E-4	0	0
0.001408648	0	0	4.71631423E-4	0	0
0.001584729	0	0	5.3058698E-4	0	0
0.00176081	0	0	5.89543119E-4	0	0
0.001936891	0	0	6.48499893E-4	0	0
0.002112972	0	0	7.07457369E-4	0	0
0.002289053	0	0	7.66415621E-4	0	0
0.002465134	0	0	8.25374698E-4	0	0
0.002641215	0	0	8.8433467E-4	0	0
0.002817296	0	0	9.4329561E-4	0	0
0.002993377	0	0	0.001002257566	0	0
0.003169458	0	0	0.001061220611	0	0
0.003345539	0	0	0.001120184816	0	0
0.00352162	0	0	0.001179150227	0	0
0.003697701	0	0	0.001238116922	0	0
0.003873782	0	0	0.001297084969	0	0
0.004049863	0	0	0.001356054412	0	0
0.004225944	0	0	0.001415025333	0	0
0.004402025	0	0	0.001473997798	0	0
0.004578106	0	0	0.00153297185	0	0
0.004754187	0	0	0.001591947576	0	0
0.004930268	0	0	0.001650925037	0	0
0.005106349	0	0	0.001709904275	0	0
0.00528243	0	0	0.001768885384	0	0
0.005458511	0	0	0.001827868418	0	0
0.005634592	0	0	0.00188685342	0	0
0.005810673	0	0	0.00194584049	0	0
0.005986754	0	0	0.002004829675	0	0
0.006162835	0	0	0.00206382102	0	0
0.006338916	0	0	0.002122814629	0	0
0.006514997	0	0	0.002181810544	0	0
0.006691078	0	0	0.002240808811	0	0
0.006867159	0	0	0.002299809539	0	0
0.00704324	0	0	0.002358812764	0	0
0.007219321	0	0	0.002417818531	0	0
0.007395402	0	0	0.002476826959	0	0
0.007571483	0	0	0.002535838072	0	0
0.007747564	0	0	0.002594851921	0	0
0.007923645	0	0	0.002653868628	0	0
0.008099726	0	0	0.002712888211	0	0
0.008275807	0	0	0.002771910722	0	0
0.008451888	0	0	0.002830936289	0	0
0.008627969	0	0	0.002889964924	0	0
0.00880405	0	0	0.002948996678	0	0
0.008980131	0	0	0.003008031687	0	0
0.009156212	0	0	0.003067069955	0	0
0.009332293	0	0	0.003126111536	0	0
0.009508374	0	0	0.00318515657	0	0
0.009684455	0	0	0.003244205054	0	0
0.009860536	0	0	0.003303257044	0	0
0.010036617	0	0	0.003362312686	0	0
0.010212698	0	0	0.00342137197	0	0
0.010388779	0	0	0.003480434954	0	0
0.01056486	0	0	0.003539501787	0	0
0.010740941	0	0	0.003598572457	0	0
0.010917022	0	0	0.003657647019	0	0
0.011093103	0	0	0.003716725629	0	0
0.011269184	0	0	0.00377580827	0	0
0.011445265	0	0	0.003834894997	0	0
0.011621346	0	0	0.00389398597	0	0
0.011797427	0	0	0.003953081168	0	0
0.011973508	0	0	0.004012180647	0	0
0.012149589	0	0	0.004071284569	0	0
0.01232567	0	0	0.004130392914	0	0
0.012501751	0	0	0.004189505733	0	0
0.012677832	0	0	0.004248623192	0	0
0.012853913	0	0	0.004307745271	0	0
0.013029994	0	0	0.00436687202	0	0
0.013206075	0	0	0.004426003606	0	0
0.013382156	0	0	0.00448514001	0	0
0.013558237	0	0	0.00454428128	0	0
0.013734318	0	0	0.004603427581	0	0
0.013910399	0	0	0.004662578901	0	0
0.01408648	0	0	0.004721735284	0	0
0.014262561	0	0	0.004780896892	0	0
0.014438642	0	0	0.004840063722	0	0
0.014614723	0	0	0.00489923581	0	0
0.014790804	0	0	0.004958413317	0	0
0.014966885	0	0	0.005017596251	0	0
0.015142966	0	0	0.00507678464	0	0
0.015319047	0	0	0.005135978639	0	0
0.015495128	0	0	0.005195178272	0	0
0.015671209	0	0	0.005254383558	0	0
0.01584729	0	0	0.005313594644	0	0
0.016023371	0	0	0.005372811573	0	0
0.016199452	0	0	0.005432034354	0	0
0.016375533	0	0	0.005491263123	0	0
0.016551614	0	0	0.005550497947	0	0
0.016727695	0	0	0.005609738821	0	0
0.016903776	0	0	0.005668985871	0	0
0.017079857	0	0	0.00572823919	0	0
0.017255938	0	0	0.005787498758	0	0
0.017432019	0	0	0.005846764687	0	0
0.0176081	0	0	0.005906037104	0	0
0.017784181	0	0	0.005965315968	0	0
0.017960262	0	0	0.006024601376	0	0
0.018136343	0	0	0.006083893493	0	0
0.018312424	0	0	0.006143192259	0	0
0.018488505	0	0	0.006202497748	0	0
0.018664586	0	0	0.00626181017	0	0
0.018840667	0	0	0.006321129443	0	0
0.019016748	0	0	0.00638045563	0	0
0.019192829	0	0	0.006439788951	0	0
0.01936891	0	0	0.006499129337	0	0
0.019544991	0	0	0.006558476841	0	0
0.019721072	0	0	0.006617831657	0	0
0.019897153	0	0	0.006677193767	0	0
0.020073234	0	0	0.006736563196	0	0
0.020249315	0	0	0.006795940114	0	0
0.020425396	0	0	0.006855324559	0	0
0.020601477	0	0	0.006914716527	0	0
0.020777558	0	0	0.006974116155	0	0
0.020953639	0	0	0.007033523548	0	0
0.02112972	0	0	0.007092938669	0	0
0.021305801	0	0	0.007152361618	0	0
0.021481882	0	0	0.007211792575	0	0
0.021657963	0	0	0.007271231464	0	0
0.021834044	0	0	0.007330678351	0	0
0.022010125	0	0	0.007390133485	0	0
0.022186206	0	0	0.007449596761	0	0
0.022362287	0	0	0.00750906824	0	0
0.022538368	0	0	0.007568548131	0	0
0.022714449	0	0	0.007628036413	0	0
0.02289053	0	0	0.007687533106	0	0
0.023066611	0	0	0.007747038371	0	0
0.023242692	0	0	0.007806552283	0	0
0.023418773	0	0	0.007866074812	0	0
0.023594854	0	0	0.007925606069	0	0
0.023770935	0	0	0.007985146235	0	0
0.023947016	0	0	0.008044695227	0	0
0.024123097	0	0	0.008104253112	0	0
0.024299178	0	0	0.008163820145	0	0
0.024475259	0	0	0.008223396227	0	0
0.02465134	0	0	0.008282981411	0	0
0.024827421	0	0	0.008342575893	0	0
0.025003502	0	0	0.008402179696	0	0
0.025179583	0	0	0.008461792811	0	0
0.025355664	0	0	0.008521415366	0	0
0.025531745	0	0	0.008581047523	0	0
0.025707826	0	0	0.008640689202	0	0
0.025883907	0	0	0.008700340474	0	0
0.026059988	0	0	0.008760001605	0	0
0.026236069	0	0	0.008819672485	0	0
0.02641215	0	0	0.00887935317	0	0
0.026588231	0	0	0.008939043847	0	0
0.026764312	0	0	0.008998744567	0	0
0.026940393	0	0	0.009058455304	0	0
0.027116474	0	0	0.009118176162	0	0
0.027292555	0	0	0.009177907363	0	0
0.027468636	0	0	0.009237648795	0	0
0.027644717	0	0	0.009297400529	0	0
0.027820798	0	0	0.009357162795	0	0
0.027996879	0	0	0.009416935568	0	0
0.02817296	0	0	0.009476718857	0	0
0.028349041	0	0	0.009536512794	0	0
0.028525122	0	0	0.009596317556	0	0
0.028701203	0	0	0.009656133049	0	0
0.028877284	0	0	0.009715959347	0	0
0.029053365	0	0	0.0097757967	0	0
0.029229446	0	0	0.00983564505	0	0
0.029405527	0	0	0.009895504421	0	0
0.029581608	0	0	0.009955374951	0	0
0.029757689	0	0	0.010015256812	0	0
0.02993377	0	0	0.010075149914	0	0
0.030109851	0	0	0.010135054327	0	0
0.030285932	0	0	0.010194970298	0	0
0.030462013	0	0	0.010254897788	0	0
0.030638094	0	0	0.01031483681	0	0
0.030814175	0	0	0.010374787476	0	0
0.030990256	0	0	0.010434750017	0	0
0.031166337	0	0	0.010494724311	0	0
0.031342418	0	0	0.010554710431	0	0
0.031518499	0	0	0.010614708585	0	0
0.03169458	0	0	0.010674718817	0	0
0.031870661	0	0	0.010734741097	0	0
0.032046742	0	0	0.0107947755	0	0
0.032222823	0	0	0.010854822322	0	0
0.032398904	0	0	0.010914881434	0	0
0.032574985	0	0	0.010974952892	0	0
0.032751066	0	0	0.01103503683	0	0
0.032927147	0	0	0.011095133448	0	0
0.033103228	0	0	0.011155242637	0	0
0.033279309	0	0	0.011215364471	0	0
0.03345539	0	0	0.011275499157	0	0
0.033631471	0	0	0.011335646756	0	0
0.033807552	0	0	0.011395807227	0	0
0.033983633	0	0	0.011455980645	0	0
0.034159714	0	0	0.011516167279	0	0
0.034335795	0	0	0.01157636707	0	0
0.034511876	0	0	0.011636580037	0	0
0.034687957	0	0	0.011696806256	0	0
0.034864038	0	0	0.011757046045	0	0
0.035040119	0	0	0.011817299249	0	0
0.0352162	0	0	0.011877565935	0	0
0.035392281	0	0	0.011937846208	0	0
0.035568362	0	0	0.011998140341	0	0
0.035744443	0	0	0.012058448187	0	0
0.035920524	0	0	0.012118769823	0	0
0.036096605	0	0	0.012179105381	0	0
0.036272686	0	0	0.012239455084	0	0
0.036448767	0	0	0.01229981881	0	0
0.036624848	0	0	0.012360196637	0	0
0.036800929	0	0	0.012420588711	0	0
0.03697701	0	0	0.01248099523	0	0
0.037153091	0	0	0.012541416085	0	0
0.037329172	0	0	0.012601851354	0	0
0.037505253	0	0	0.012662301181	0	0
0.037681334	0	0	0.012722765771	0	0
0.037857415	0	0	0.012783245011	0	0
0.038033496	0	0	0.012843738982	0	0
0.038209577	0	0	0.01290424781	0	0
0.038385658	0	0	0.012964771736	0	0
0.038561739	0	0	0.01302531063	0	0
0.03873782	0	0	0.013085864571	0	0
0.038913901	0	0	0.013146433656	0	0
0.039089982	0	0	0.013207018192	0	0
0.039266063	0	0	0.013267618017	0	0
0.039442144	0	0	0.013328233211	0	0
0.039618225	0	0	0.013388863853	0	0
0.039794306	0	0	0.013449510249	0	0
0.039970387	0	0	0.013510172292	0	0
0.040146468	0	0	0.013570850028	0	0
0.040322549	0	0	0.013631543536	0	0
0.04049863	0	0	0.013692253053	0	0
0.040674711	0	0	0.013752978613	0	0
0.040850792	0	0	0.013813720192	0	0
0.041026873	0	0	0.013874477871	0	0
0.041202954	0	0	0.013935251794	0	0
0.041379035	0	0	0.01399604218	0	0
0.041555116	0	0	0.014056848915	0	0
0.041731197	0	0	0.014117672079	0	0
0.041907278	0	0	0.014178511756	0	0
0.042083359	0	0	0.014239368237	0	0
0.04225944	0	0	0.01430024145	0	0
0.042435521	0	0	0.014361131426	0	0
0.042611602	0	0	0.014422038248	0	0
0.042787683	0	0	0.014482962068	0	0
0.042963764	0	0	0.014543903095	0	0
0.043139845	0	0	0.01460486122	0	0
0.043315926	0	0	0.014665836528	0	0
0.043492007	0	0	0.014726829102	0	0
0.043668088	0	0	0.014787839192	0	0
0.043844169	0	0	0.014848866816	0	0
0.04402025	0	0	0.014909911962	0	0
0.044196331	0	0	0.014970974715	0	0
0.044372412	0	0	0.015032055161	0	0
0.044548493	0	0	0.015093153614	0	0
0.044724574	0	0	0.015154269962	0	0
0.044900655	0	0	0.015215404261	0	0
0.045076736	0	0	0.015276556598	0	0
0.045252817	0	0	0.015337727062	0	0
0.045428898	0	0	0.015398915989	0	0
0.045604979	0	0	0.015460123215	0	0
0.04578106	0	0	0.015521348825	0	0
0.045957141	0	0	0.015582592907	0	0
0.046133222	0	0	0.015643855551	0	0
0.046309303	0	0	0.015705137095	0	0
0.046485384	0	0	0.015766437375	0	0
0.046661465	0	0	0.015827756478	0	0
0.046837546	0	0	0.015889094494	0	0
0.047013627	0	0	0.01595045151	0	0
0.047189708	0	0	0.016011827831	0	0
0.047365789	0	0	0.016073223369	0	0
0.04754187	0	0	0.016134638174	0	0
0.047717951	0	0	0.016196072337	0	0
0.047894032	0	0	0.016257525948	0	0
0.048070113	0	0	0.016318999226	0	0
0.048246194	0	0	0.01638049225	0	0
0.048422275	0	0	0.016442004993	0	0
0.048598356	0	0	0.016503537544	0	0
0.048774437	0	0	0.016565089995	0	0
0.048950518	0	0	0.016626662437	0	0
0.049126599	0	0	0.016688255206	0	0
0.04930268	0	0	0.016749868148	0	0
0.049478761	0	0	0.016811501356	0	0
0.049654842	0	0	0.016873154921	0	0
0.049830923	0	0	0.016934828937	0	0
0.050007004	0	0	0.016996523555	0	0
0.050183085	0	0	0.017058238988	0	0
0.050359166	0	0	0.017119975149	0	0
0.050535247	0	0	0.017181732131	0	0
0.050711328	0	0	0.017243510028	0	0
0.050887409	0	0	0.017305308934	0	0
0.05106349	0	0	0.017367129	0	0
0.051239571	0	0	0.017428970439	0	0
0.051415652	0	0	0.01749083317	0	0
0.051591733	0	0	0.017552717286	0	0
0.051767814	0	0	0.017614622884	0	0
0.051943895	0	0	0.017676550058	0	0
0.052119976	0	0	0.017738498903	0	0
0.052296057	0	0	0.017800469729	0	0
0.052472138	0	0	0.017862462432	0	0
0.052648219	0	0	0.017924477096	0	0
0.0528243	0	0	0.017986513815	0	0
0.053000381	0	0	0.018048572688	0	0
0.053176462	0	0	0.018110653811	0	0
0.053352543	0	0	0.018172757335	0	0
0.053528624	0	0	0.01823488347	0	0
0.053704705	0	0	0.018297032146	0	0
0.053880786	0	0	0.018359203464	0	0
0.054056867	0	0	0.018421397521	0	0
0.054232948	0	0	0.018483614416	0	0
0.054409029	0	0	0.018545854248	0	0
0.05458511	0	0	0.018608117137	0	0
0.054761191	0	0	0.01867040335	0	0
0.054937272	0	0	0.018732712798	0	0
0.055113353	0	0	0.018795045581	0	0
0.055289434	0	0	0.018857401799	0	0
0.055465515	0	0	0.018919781555	0	0
0.055641596	0	0	0.018982184947	0	0
0.055817677	0	0	0.019044612078	0	0
0.055993758	0	0	0.01910706312	0	0
0.056169839	0	0	0.019169538229	0	0
0.05634592	0	0	0.019232037382	0	0
0.056522001	0	0	0.01929456068	0	0
0.056698082	0	0	0.019357108227	0	0
0.056874163	0	0	0.019419680126	0	0
0.057050244	0	0	0.019482276479	0	0
0.057226325	0	0	0.019544897392	0	0
0.057402406	0	0	0.019607542966	0	0
0.057578487	0	0	0.019670213457	0	0
0.057754568	0	0	0.019732908849	0	0
0.057930649	0	0	0.019795629217	0	0
0.05810673	0	0	0.019858374666	0	0
0.058282811	0	0	0.0199211453	0	0
0.058458892	0	0	0.019983941226	0	0
0.058634973	0	0	0.020046762549	0	0
0.058811054	0	0	0.020109609377	0	0
0.058987135	0	0	0.020172481816	0	0
0.059163216	0	0	0.020235379992	0	0
0.059339297	0	0	0.020298304135	0	0
0.059515378	0	0	0.02036125421	0	0
0.059691459	0	0	0.020424230325	0	0
0.05986754	0	0	0.020487232587	0	0
0.060043621	0	0	0.020550261107	0	0
0.060219702	0	0	0.020613315993	0	0
0.060395783	0	0	0.020676397354	0	0
0.060571864	0	0	0.0207395053	0	0
0.060747945	0	0	0.020802639941	0	0
0.060924026	0	0	0.020865801387	0	0
0.061100107	0	0	0.02092898975	0	0
0.061276188	0	0	0.020992205203	0	0
0.061452269	0	0	0.021055447864	0	0
0.06162835	0	0	0.021118717774	0	0
0.061804431	0	0	0.021182015044	0	0
0.061980512	0	0	0.021245339787	0	0
0.062156593	0	0	0.021308692116	0	0
0.062332674	0	0	0.021372072144	0	0
0.062508755	0	0	0.021435479985	0	0
0.062684836	0	0	0.021498915752	0	0
0.062860917	0	0	0.021562379559	0	0
0.063036998	0	0	0.021625871522	0	0
0.063213079	0	0	0.021689391755	0	0
0.06338916	0	0	0.021752940373	0	0
0.063565241	0	0	0.021816517492	0	0
0.063741322	0	0	0.021880123229	0	0
0.063917403	0	0	0.021943757699	0	0
0.064093484	0	0	0.022007421061	0	0
0.064269565	0	0	0.022071113437	0	0
0.064445646	0	0	0.022134834895	0	0
0.064621727	0	0	0.022198585553	0	0
0.064797808	0	0	0.02226236553	0	0
0.064973889	0	0	0.022326174944	0	0
0.06514997	0	0	0.022390013914	0	0
0.065326051	0	0	0.02245388256	0	0
0.065502132	0	0	0.022517781002	0	0
0.065678213	0	0	0.022581709359	0	0
0.065854294	0	0	0.022645667753	0	0
0.066030375	0	0	0.022709656304	0	0
0.066206456	0	0	0.022773675134	0	0
0.066382537	0	0	0.022837724365	0	0
0.066558618	0	0	0.022901804118	0	0
0.066734699	0	0	0.022965914517	0	0
0.06691078	0	0	0.023030055684	0	0
0.067086861	0	0	0.023094227743	0	0
0.067262942	0	0	0.023158430817	0	0
0.067439023	0	0	0.023222665031	0	0
0.067615104	0	0	0.02328693051	0	0
0.067791185	0	0	0.023351227379	0	0
0.067967266	0	0	0.023415555762	0	0
0.068143347	0	0	0.023479915786	0	0
0.068319428	0	0	0.023544307578	0	0
0.068495509	0	0	0.023608731263	0	0
0.06867159	0	0	0.02367318697	0	0
0.068847671	0	0	0.023737674826	0	0
0.069023752	0	0	0.023802194958	0	0
0.069199833	0	0	0.023866747495	0	0
0.069375914	0	0	0.023931332567	0	0
0.069551995	0	0	0.023995950302	0	0
0.069728076	0	0	0.024060600831	0	0
0.069904157	0	0	0.024125284283	0	0
0.070080238	0	0	0.024190000789	0	0
0.070256319	0	0	0.02425475048	0	0
0.0704324	0	0	0.024319533488	0	0
0.070608481	0	0	0.024384349945	0	0
0.070784562	0	0	0.024449199984	0	0
0.070960643	0	0	0.024514083736	0	0
0.071136724	0	0	0.024579001336	0	0
0.071312805	0	0	0.024643952918	0	0
0.071488886	0	0	0.024708938615	0	0
0.071664967	0	0	0.024773958562	0	0
0.071841048	0	0	0.024839012895	0	0
0.072017129	0	0	0.02490410175	0	0
0.07219321	0	0	0.024969225262	0	0
0.072369291	0	0	0.025034383568	0	0
0.072545372	0	0	0.025099576805	0	0
0.072721453	0	0	0.025164805111	0	0
0.072897534	0	0	0.025230068634	0	0
0.073073615	0	0	0.025295367607	0	0
0.073249696	0	0	0.02536070207	0	0
0.073425777	0	0	0.025426072163	0	0
0.073601858	0	0	0.025491478025	0	0
0.073777939	0	0	0.025556919798	0	0
0.07395402	0	0	0.025622397622	0	0
0.074130101	0	0	0.025687911638	0	0
0.074306182	0	0	0.02575346199	0	0
0.074482263	0	0	0.025819048819	0	0
0.074658344	0	0	0.025884672269	0	0
0.074834425	0	0	0.025950332483	0	0
0.075010506	0	0	0.026016029605	0	0
0.075186587	0	0	0.026081763781	0	0
0.075362668	0	0	0.026147535154	0	0
0.075538749	0	0	0.02621334395	0	0
0.07571483	0	0	0.026279190353	0	0
0.075890911	0	0	0.0263450744	0	0
0.076066992	0	0	0.026410996236	0	0
0.076243073	0	0	0.026476956011	0	0
0.076419154	0	0	0.026542953872	0	0
0.076595235	0	0	0.026608989968	0	0
0.076771316	0	0	0.02667506445	0	0
0.076947397	0	0	0.026741177466	0	0
0.077123478	0	0	0.026807329167	0	0
0.077299559	0	0	0.026873519732	0	0
0.07747564	0	0	0.026939749515	0	0
0.077651721	0	0	0.027006018445	0	0
0.077827802	0	0	0.027072326675	0	0
0.078003883	0	0	0.027138674358	0	0
0.078179964	0	0	0.027205061649	0	0
0.078356045	0	0	0.027271488702	0	0
0.078532126	0	0	0.027337955671	0	0
0.078708207	0	0	0.027404462713	0	0
0.078884288	0	0	0.027471010214	0	0
0.079060369	0	0	0.027537598187	0	0
0.07923645	0	0	0.02760422671	0	0
0.079412531	0	0	0.027670895942	0	0
0.079588612	0	0	0.027737606041	0	0
0.079764693	0	0	0.027804357167	0	0
0.079940774	0	0	0.027871149478	0	0
0.080116855	0	0	0.027937983333	0	0
0.080292936	0	0	0.028004858864	0	0
0.080469017	0	0	0.028071776072	0	0
0.080645098	0	0	0.02813873512	0	0
0.080821179	0	0	0.02820573617	0	0
0.08099726	0	0	0.028272779386	0	0
0.081173341	0	0	0.028339864996	0	0
0.081349422	0	0	0.028406993446	0	0
0.081525503	0	0	0.028474164565	0	0
0.081701584	0	0	0.028541378518	0	0
0.081877665	0	0	0.028608635473	0	0
0.082053746	0	0	0.028675935596	0	0
0.082229827	0	0	0.028743279219	0	0
0.082405908	0	0	0.028810666641	0	0
0.082581989	0	0	0.028878097746	0	0
0.08275807	0	0	0.028945572704	0	0
0.082934151	0	0	0.029013091687	0	0
0.083110232	0	0	0.029080654879	0	0
0.083286313	0	0	0.029148262921	0	0
0.083462394	0	0	0.029215915512	0	0
0.083638475	0	0	0.029283612825	0	0
0.083814556	0	0	0.029351355034	0	0
0.083990637	0	0	0.029419142354	0	0
0.084166718	0	0	0.02948697542	0	0
0.084342799	0	0	0.029554853919	0	0
0.08451888	0	0	0.029622778026	0	0
0.084694961	0	0	0.029690747919	0	0
0.084871042	0	0	0.029758764025	0	0
0.085047123	0	0	0.029826826611	0	0
0.085223204	0	0	0.029894935529	0	0
0.085399285	0	0	0.029963090961	0	0
0.085575366	0	0	0.030031293116	0	0
0.085751447	0	0	0.030099542739	0	0
0.085927528	0	0	0.030167839431	0	0
0.086103609	0	0	0.030236183375	0	0
0.08627969	0	0	0.030304574755	0	0
0.086455771	0	0	0.030373014344	0	0
0.086631852	0	0	0.030441501821	0	0
0.086807933	0	0	0.030510037301	0	0
0.086984014	0	0	0.030578620972	0	0
0.087160095	0	0	0.030647253674	0	0
0.087336176	0	0	0.030715934998	0	0
0.087512257	0	0	0.030784665089	0	0
0.087688338	0	0	0.030853444249	0	0
0.087864419	0	0	0.030922273183	0	0
0.0880405	0	0	0.030991151469	0	0
0.088216581	0	0	0.031060079298	0	0
0.088392662	0	0	0.03112905727	0	0
0.088568743	0	0	0.031198085547	0	0
0.088744824	0	0	0.031267163961	0	0
0.088920905	0	0	0.03133629274	0	0
0.089096986	0	0	0.031405472829	0	0
0.089273067	0	0	0.031474703656	0	0
0.089449148	0	0	0.031543985421	0	0
0.089625229	0	0	0.031613318895	0	0
0.08980131	0	0	0.031682703988	0	0
0.089977391	0	0	0.03175214063	0	0
0.090153472	0	0	0.031821629402	0	0
0.090329553	0	0	0.031891170637	0	0
0.090505634	0	0	0.03196076404	0	0
0.090681715	0	0	0.032030410082	0	0
0.090857796	0	0	0.03210010936	0	0
0.091033877	0	0	0.032169861434	0	0
0.091209958	0	0	0.032239666746	0	0
0.091386039	0	0	0.032309525993	0	0
0.09156212	0	0	0.032379438672	0	0
0.091738201	0	0	0.032449405282	0	0
0.091914282	0	0	0.032519426451	0	0
0.092090363	0	0	0.032589501695	0	0
0.092266444	0	0	0.032659631661	0	0
0.092442525	0	0	0.03272981673	0	0
0.092618606	0	0	0.032800056527	0	0
0.092794687	0	0	0.032870351935	0	0
0.092970768	0	0	0.032940702908	0	0
0.093146849	0	0	0.033011109272	0	0
0.09332293	0	0	0.033081572239	0	0
0.093499011	0	0	0.033152091148	0	0
0.093675092	0	0	0.033222666404	0	0
0.093851173	0	0	0.033293298792	0	0
0.094027254	0	0	0.033363987698	0	0
0.094203335	0	0	0.033434734116	0	0
0.094379416	0	0	0.033505537903	0	0
0.094555497	0	0	0.033576399049	0	0
0.094731578	0	0	0.033647318672	0	0
0.094907659	0	0	0.033718295964	0	0
0.09508374	0	0	0.033789331963	0	0
0.095259821	0	0	0.033860426526	0	0
0.095435902	0	0	0.033931579756	0	0
0.095611983	0	0	0.034002792566	0	0
0.095788064	0	0	0.034074064224	0	0
0.095964145	0	0	0.034145396091	0	0
0.096140226	0	0	0.034216787465	0	0
0.096316307	0	0	0.034288239126	0	0
0.096492388	0	0	0.034359751216	0	0
0.096668469	0	0	0.034431323719	0	0
0.09684455	0	0	0.034502957534	0	0
0.097020631	0	0	0.034574651937	0	0
0.097196712	0	0	0.034646408496	0	0
0.097372793	0	0	0.034718226101	0	0
0.097548874	0	0	0.034790106199	0	0
0.097724955	0	0	0.03486204808	0	0
0.097901036	0	0	0.03493405276	0	0
0.098077117	0	0	0.035006119962	0	0
0.098253198	0	0	0.03507825032	0	0
0.098429279	0	0	0.035150443895	0	0
0.09860536	0	0	0.035222701038	0	0
0.098781441	0	0	0.035295022051	0	0
0.098957522	0	0	0.035367407096	0	0
0.099133603	0	0	0.035439856622	0	0
0.099309684	0	0	0.0355123707	0	0
0.099485765	0	0	0.035584949823	0	0
0.099661846	0	0	0.035657594076	0	0
0.099837927	0	0	0.035730303891	0	0
0.100014008	0	0	0.035803079472	0	0
0.100190089	0	0	0.035875921085	0	0
0.10036617	0	0	0.03594882916	0	0
0.100542251	0	0	0.036021803689	0	0
0.100718332	0	0	0.036094845435	0	0
0.100894413	0	0	0.036167954008	0	0
0.101070494	0	0	0.036241130615	0	0
0.101246575	0	0	0.036314374371	0	0
0.101422656	0	0	0.036387687042	0	0
0.101598737	0	0	0.036461067465	0	0
0.101774818	0	0	0.036534517082	0	0
0.101950899	0	0	0.036608035407	0	0
0.10212698	0	0	0.036681623124	0	0
0.102303061	0	0	0.036755280587	0	0
0.102479142	0	0	0.036829007583	0	0
0.102655223	0	0	0.036902805432	0	0
0.102831304	0	0	0.036976673248	0	0
0.103007385	0	0	0.037050612395	0	0
0.103183466	0	0	0.037124622506	0	0
0.103359547	0	0	0.037198703952	0	0
0.103535628	0	0	0.03727285764	0	0
0.103711709	0	0	0.037347082932	0	0
0.10388779	0	0	0.037421381169	0	0
0.104063871	0	0	0.037495751999	0	0
0.104239952	0	0	0.037570195635	0	0
0.104416033	0	0	0.03764471332	0	0
0.104592114	0	0	0.037719304292	0	0
0.104768195	0	0	0.037793969479	0	0
0.104944276	0	0	0.037868709322	0	0
0.105120357	0	0	0.037943523487	0	0
0.105296438	0	0	0.038018413153	0	0
0.105472519	0	0	0.038093378238	0	0
0.1056486	0	0	0.038168418698	0	0
0.105824681	0	0	0.038243535818	0	0
0.106000762	0	0	0.038318729281	0	0
0.106176843	0	0	0.03839399919	0	0
0.106352924	0	0	0.038469346786	0	0
0.106529005	0	0	0.038544771816	0	0
0.106705086	0	0	0.038620274382	0	0
0.106881167	0	0	0.038695855526	0	0
0.107057248	0	0	0.038771515366	0	0
0.107233329	0	0	0.03884725385	0	0
0.10740941	0	0	0.038923071662	0	0
0.107585491	0	0	0.038998969611	0	0
0.107761572	0	0	0.039074947331	0	0
0.107937653	0	0	0.039151005207	0	0
0.108113734	0	0	0.039227144394	0	0
0.108289815	0	0	0.039303364724	0	0
0.108465896	0	0	0.039379666365	0	0
0.108641977	0	0	0.039456049722	0	0
0.108818058	0	0	0.039532516096	0	0
0.108994139	0	0	0.039609064954	0	0
0.10917022	0	0	0.039685696696	0	0
0.109346301	0	0	0.039762411726	0	0
0.109522382	0	0	0.03983921127	0	0
0.109698463	0	0	0.039916094944	0	0
0.109874544	0	0	0.039993063115	0	0
0.110050625	0	0	0.040070116196	0	0
0.110226706	0	0	0.040147254983	0	0
0.110402787	0	0	0.040224479911	0	0
0.110578868	0	0	0.040301790988	0	0
0.110754949	0	0	0.040379188636	0	0
0.11093103	0	0	0.040456673281	0	0
0.111107111	0	0	0.040534245661	0	0
0.111283192	0	0	0.040611906273	0	0
0.111459273	0	0	0.040689655158	0	0
0.111635354	0	0	0.040767492752	0	0
0.111811435	0	0	0.040845419495	0	0
0.111987516	0	0	0.040923435827	0	0
0.112163597	0	0	0.041001542489	0	0
0.112339678	0	0	0.041079739903	0	0
0.112515759	0	0	0.041158028229	0	0
0.11269184	0	0	0.04123640792	0	0
0.112867921	0	0	0.041314879432	0	0
0.113044002	0	0	0.041393443222	0	0
0.113220083	0	0	0.041472099752	0	0
0.113396164	0	0	0.041550849486	0	0
0.113572245	0	0	0.041629693237	0	0
0.113748326	0	0	0.041708631179	0	0
0.113924407	0	0	0.041787663713	0.197741863769	0.193739674431
0.114100488	0	0	0.041866791316	0.196758238494	0.196268227475
0.114276569	0	0	0.041946014465	0.195786136161	0.197508475957
0.11445265	0	0	0.042025333643	0.19482192711	0.198461425404
0.114628731	0	0	0.042104749334	0.193864250776	0.199264081866
0.114804812	0	0	0.042184262026	0.192912319383	0.199970279049
0.114980893	0	0	0.04226387221	0.191965596944	0.200607807358
0.115156974	0	0	0.042343580379	0.191023690941	0.201193250499
0.115333055	0	0	0.042423387032	0.1900862981	0.201737422808
0.115509136	0	0	0.042503292668	0.189153173032	0.202247861561
0.115685217	0	0	0.042583297791	0.188224113113	0.202730054831
0.115861298	0	0	0.042663402908	0.18729894899	0.203188149636
0.116037379	0	0	0.042743608529	0.186377532757	0.203625373022
0.11621346	0	0	0.042823915168	0.185459740113	0.204044288487
0.116389541	0	0	0.04290432334	0.184545453935	0.204446977957
0.116565622	0	0	0.042984833566	0.183634579434	0.204835157894
0.116741703	0	0	0.043065446369	0.182727023106	0.205210259927
0.116917784	0	0	0.043146162277	0.181822706067	0.205573499165
0.117093865	0	0	0.043226981818	0.180921553303	0.205925912471
0.117269946	0	0	0.043307905527	0.180023499757	0.206268396529
0.117446027	0	0	0.043388933941	0.179128484974	0.206601725558
0.117622108	0	0	0.043470067599	0.178236448836	0.206926586353
0.117798189	0	0	0.043551307047	0.177347342575	0.207243578274
0.11797427	0	0	0.043632652831	0.176461114149	0.207553236771
0.118150351	0	0	0.043714105503	0.175577721397	0.207856038119
0.118326432	0	0	0.043795665617	0.174697119191	0.208152410706
0.118502513	0	0	0.043877333732	0.173819268012	0.208442738151
0.118678594	0	0	0.043959110409	0.172944133145	0.208727368457
0.118854675	0	0	0.044040996215	0.172071677009	0.209006620874
0.119030756	0	0	0.044122991718	0.171201866454	0.209280781031
0.119206837	0	0	0.044205097492	0.170334673074	0.20955011233
0.119382918	0	0	0.044287314113	0.16947006443	0.209814860518
0.119558999	0	0	0.044369642163	0.168608012941	0.21007524212
0.11973508	0	0	0.044452082632	0.167748503613	0.210331466824
0.119911161	0	0	0.04453463583	0.166891492607	0.210583720896
0.120087242	0	0	0.044617302254	0.166036962228	0.210832183803
0.120263323	0	0	0.044700082501	0.165184889948	0.211077015477
0.120439404	0	0	0.04478297717	0.164335253441	0.211318370261
0.120615485	0	0	0.044865986868	0.163488034917	0.211556390026
0.120791566	0	0	0.044949112201	0.162643208134	0.211791204202
0.120967647	0	0	0.045032354271	0.161800773199	0.212022941295
0.121143728	0	0	0.045115713482	0.160960686162	0.212251712851
0.121319809	0	0	0.045199190215	0.160122941948	0.212477631396
0.12149589	0	0	0.045282785095	0.159287518128	0.212700799435
0.121671971	0	0	0.045366498751	0.158454402625	0.212921312028
0.121848052	0	0	0.045450332062	0.157623587393	0.213139261396
0.122024133	0	0	0.045534286114	0.156795043539	0.213354734415
0.122200214	0	0	0.045618360894	0.15596876084	0.21356781295
0.122376295	0	0	0.045702557049	0.155144725318	0.213778572704
0.122552376	0	0	0.04578687523	0.154322923126	0.213987087059
0.122728457	0	0	0.045871316925	0.153503359867	0.214193425262
0.122904538	0	0	0.045955882254	0.152685991855	0.214397654539
0.123080619	0	0	0.046040571629	0.151870823862	0.214599839123
0.1232567	0	0	0.04612538572	0.151057839592	0.214800033848
0.123432781	0	0	0.046210326234	0.150247042934	0.214998300402
0.123608862	0	0	0.046295393062	0.149438396202	0.215194691829
0.123784943	0	0	0.046380586685	0.148631908105	0.215389259166
0.123961024	0	0	0.046465908207	0.147827569968	0.215582051651
0.124137105	0	0	0.046551358884	0.14702535719	0.215773116806
0.124313186	0	0	0.046636938478	0.146225265461	0.215962500502
0.124489267	0	0	0.046722647815	0.145427300943	0.216150247035
0.124665348	0	0	0.046808488877	0.144631431631	0.21633639656
0.124841429	0	0	0.046894461025	0.143837661356	0.216520989369
0.12501751	0	0	0.046980565141	0.143045987116	0.216704063439
0.125193591	0	0	0.047066803267	0.142256383148	0.21688565693
0.125369672	0	0	0.047153174695	0.141468853836	0.217065803726
0.125545753	0	0	0.047239680713	0.140683398644	0.217244537321
0.125721834	0	0	0.04732632273	0.139899993053	0.217421891595
0.125897915	0	0	0.047413100314	0.139118638431	0.217597897954
0.126073996	0	0	0.047500015522	0.138339336443	0.217772585984
0.126250077	0	0	0.047587068408	0.137562060104	0.217945984464
0.126426158	0	0	0.047674259612	0.13678682136	0.218118123007
0.126602239	0	0	0.047761591032	0.136013603483	0.218289029262
0.12677832	0	0	0.04784906192	0.135242395891	0.218458725906
0.126954401	0	0	0.047936674876	0.134473216464	0.218627242957
0.127130482	0	0	0.048024429191	0.133706026592	0.218794600284
0.127306563	0	0	0.048112326736	0.132940851976	0.218960824825
0.127482644	0	0	0.048200367832	0.132177660542	0.219125939068
0.127658725	0	0	0.048288553515	0.131416464107	0.219289963539
0.127834806	0	0	0.0483768848	0.130657247017	0.219452920194
0.128010887	0	0	0.048465362226	0.129900017302	0.219614830342
0.128186968	0	0	0.048553987159	0.129144752768	0.21977571395
0.128363049	0	0	0.048642759989	0.128391466037	0.219935590491
0.12853913	0	0	0.048731682084	0.127640135032	0.220094478959
0.128715211	0	0	0.048820754041	0.126890773219	0.220252396271
0.128891292	0	0	0.048909976864	0.126143357222	0.220409361185
0.129067373	0	0	0.048999351731	0.125397907324	0.220565391731
0.129243454	0	0	0.049088878907	0.124654390357	0.220720504096
0.129419535	0	0	0.049178560527	0.123912828657	0.220874713028
0.129595616	0	0	0.049268395926	0.123173202231	0.221028037405
0.129771697	0	0	0.049358388014	0.122435511509	0.221180488465
0.129947778	0	0	0.049448536095	0.121699755351	0.221332085019
0.130123859	0	0	0.049538841902	0.120965922797	0.221482839085
0.13029994	0	0	0.049629306668	0.12023402262	0.221632765343
0.130476021	0	0	0.049719930349	0.119504045528	0.221781878445
0.130652102	0	0	0.049810715542	0.118775976847	0.221930191367
0.130828183	0	0	0.049901662086	0.118049836849	0.222077715574
0.131004264	0	0	0.049992770743	0.117325596874	0.222224465006
0.131180345	0	0	0.050084044323	0.11660327703	0.222370452052
0.131356426	0	0	0.050175482176	0.115882866507	0.222515688639
0.131532507	0	0	0.050267085418	0.11516435788	0.222660186451
0.131708588	0	0	0.050358856612	0.114447744775	0.222803956939
0.131884669	0	0	0.050450795548	0.11373303484	0.22294701132
0.13206075	0	0	0.050542903238	0.113020225049	0.223089359922
0.132236831	0	0	0.050635181497	0.112309301096	0.223231013001
0.132412912	0	0	0.050727631543	0.111600279637	0.22337198194
0.132588993	0	0	0.050820253795	0.110893146693	0.2235122771
0.132765074	0	0	0.050913049439	0.110187900323	0.223651907256
0.132941155	0	0	0.051006020249	0.109484531446	0.223790881872
0.133117236	0	0	0.05109916744	0.108783056622	0.223929212269
0.133293317	0	0	0.051192491599	0.108083462624	0.224066904583
0.133469398	0	0	0.051285993956	0.107385747703	0.224203970886
0.133645479	0	0	0.051379675751	0.106689915144	0.224340417266
0.13382156	0	0	0.051473538723	0.105995947392	0.224476255167
0.133997641	0	0	0.05156758404	0.105303864438	0.224611489351
0.134173722	0	0	0.051661812533	0.104613654076	0.224746131224
0.134349803	0	0	0.051756225487	0.103925314797	0.224880187778
0.134525884	0	0	0.051850824201	0.103238851007	0.22501366553
0.134701965	0	0	0.051945609985	0.102554252226	0.225146573907
0.134878046	0	0	0.052040584162	0.101871520516	0.225278920189
0.135054127	0	0	0.052135748066	0.101190659948	0.225410711458
0.135230208	0	0	0.052231103425	0.10051165405	0.225541953719
0.135406289	0	0	0.052326651221	0.099834520606	0.225672655299
0.13558237	0	0	0.052422392759	0.099159255972	0.225802823002
0.135758451	0	0	0.052518329423	0.098485849457	0.225932463521
0.135934532	0	0	0.05261446261	0.097814308535	0.226061583442
0.136110613	0	0	0.05271079373	0.097144625408	0.226190189239
0.136286694	0	0	0.052807324206	0.096476805551	0.226318287287
0.136462775	0	0	0.052904055475	0.095810842619	0.226445883854
0.136638856	0	0	0.053000988987	0.095146741501	0.226572985107
0.136814937	0	0	0.053098126204	0.094484495916	0.226699597116
0.136991018	0	0	0.053195468606	0.09382411153	0.226825724587
0.137167099	0	0	0.053293017683	0.093165580795	0.226951374369
0.13734318	0	0	0.05339077494	0.092508911451	0.227076552327
0.137519261	0	0	0.053488741898	0.091854093414	0.227201264156
0.137695342	0	0	0.053586920576	0.09120114793	0.227325514385
0.137871423	0	0	0.053685312168	0.090550048813	0.227449308277
0.138047504	0	0	0.053783918188	0.089900801648	0.227572652408
0.138223585	0	0	0.053882740216	0.089253415333	0.227695550819
0.138399666	0	0	0.053981779846	0.088607883664	0.227818008391
0.138575747	0	0	0.054081038689	0.087964203514	0.227940031834
0.138751828	0	0	0.054180518371	0.087322384031	0.228061622877
0.138927909	0	0	0.054280221218	0.086682429829	0.228182789753
0.13910399	0	0	0.054380148706	0.086044318799	0.228303534194
0.139280071	0	0	0.054480302094	0.085408069947	0.228423863645
0.139456152	0	0	0.054580683073	0.084773676399	0.228543779573
0.139632233	0	0	0.054681293418	0.084141147082	0.228663289409
0.139808314	0	0	0.054782136257	0.083510464549	0.228782395189
0.139984395	0	0	0.054883211955	0.082881645139	0.228901102512
0.140160476	0	0	0.05498452227	0.082254682326	0.229019416181
0.140336557	0	0	0.055086069791	0.081629587191	0.229137337867
0.140512638	0	0	0.055187856602	0.081006344066	0.229254873963
0.140688719	0	0	0.055289883514	0.080384959014	0.229372028344
0.1408648	0	0	0.055392153165	0.07976543999	0.229488803875
0.141040881	0	0	0.055494667995	0.079147780177	0.229605204616
0.141216962	0	0	0.055597428579	0.078531980161	0.229721235108
0.141393043	0	0	0.055700438445	0.077918053297	0.229836899014
0.141569124	0	0	0.055803698731	0.07730598145	0.22995219995
0.141745205	0	0	0.055907211232	0.0766957814810001	0.230067141278
0.141921286	0	0	0.056010979353	0.076087437135	0.230181726153
0.142097367	0	0	0.056115003084	0.075480970069	0.230295958789
0.142273448	0	0	0.056219287348	0.074876366828	0.230409842617
0.142449529	0	0	0.056323831332	0.074273628943	0.230523381025
0.14262561	0	0	0.05642863999	0.073672773043	0.230636577359
0.142801691	0	0	0.056533712805	0.073073776905	0.230749434922
0.142977772	0	0	0.056639054934	0.072476665681	0.230861956974
0.143153853	0	0	0.056744665866	0.071881425353	0.230974146738
0.143329934	0	0	0.05685055023	0.071288055219	0.231086007392
0.143506015	0	0	0.05695670874	0.070696568734	0.231197542077
0.143682096	0	0	0.057063144327	0.070106948689	0.231308753895
0.143858177	0	0	0.057169860022	0.069519223123	0.23141964576
0.144034258	0	0	0.057276856829	0.06893337716	0.23153022008
0.144210339	0	0	0.057384138794	0.068349408411	0.231640480483
0.14438642	0	0	0.057491707718	0.067767332781	0.231750429924
0.144562501	0	0	0.057599565511	0.067187142493	0.231860071318
0.144738582	0	0	0.057707715778	0.066608833975	0.231969407547
0.144914663	0	0	0.057816161147	0.066032424932	0.232078440593
0.145090744	0	0	0.05792490342	0.065457907297	0.232187173353
0.145266825	0	0	0.058033945375	0.064885283267	0.232295609271
0.145442906	0	0	0.058143290527	0.06431454892	0.232403751093
0.145618987	0	0	0.058252941613	0.063745721886	0.23251159994
0.145795068	0	0	0.058362900809	0.063178790303	0.232619159586
0.145971149	0	0	0.058473171032	0.062613766584	0.232726433073
0.14614723	0	0	0.058583755236	0.06205064771	0.232833421284
0.146323311	0	0	0.058694656411	0.061489436097	0.23294012787
0.146499392	0	0	0.058805877585	0.060930134202	0.233046555695
0.146675473	0	0	0.058917422208	0.060372737719	0.233152705203
0.146851554	0	0	0.059029293001	0.059817263647	0.233258581145
0.147027635	0	0	0.059141492972	0.059263706555	0.233364183932
0.147203716	0	0	0.0592540253	0.058712069043	0.233469517222
0.147379797	0	0	0.059366893208	0.058162353746	0.233574582504
0.147555878	0	0	0.059480099956	0.057614563334	0.233679382425
0.147731959	0	0	0.059593648848	0.057068696193	0.233783918965
0.14790804	0	0	0.059707543231	0.056524764842	0.233888194595
0.148084121	0	0	0.059821787027	0.055982775279	0.233992210967
0.148260202	0	0	0.059936383394	0.055442714734	0.234095971186
0.148436283	0	0	0.060051335711	0.054904593343	0.234199475782
0.148612364	0	0	0.060166647502	0.054368413996	0.234302728833
0.148788445	0	0	0.060282322337	0.05383417962	0.234405730309
0.148964526	0	0	0.060398363833	0.053301888481	0.234508483742
0.149140607	0	0	0.060514776295	0.052771563193	0.234610991086
0.149316688	0	0	0.060631563941	0.0522431869	0.234713252861
0.149492769	0	0	0.060748729567	0.051716768035	0.234815272741
0.14966885	0	0	0.060866276985	0.051192309705	0.234917052208
0.149844931	0	0	0.060984211706	0.050669825589	0.235018591966
0.150021012	0	0	0.061102536866	0.050149299174	0.235119895367
0.150197093	0	0	0.061221255761	0.049630748788	0.235220964188
0.150373174	0	0	0.061340374864	0.049114184099	0.235321799116
0.150549255	0	0	0.061459896446	0.048599590423	0.235422402594
0.150725336	0	0	0.061579825656	0.048086983203	0.235522776809
0.150901417	0	0	0.061700167274	0.047576363342	0.235622923468
0.151077498	0	0	0.061820924924	0.047067740691	0.235722843836
0.151253579	0	0	0.061942104426	0.046561107303	0.235822539345
0.15142966	0	0	0.062063709395	0.046056476273	0.235922012408
0.151605741	0	0	0.062185745144	0.0455538475	0.236021264667
0.151781822	0	0	0.06230821687	0.045053233948	0.236120297748
0.151957903	0	0	0.062431128033	0.044554626839	0.23621911326
0.152133984	0	0	0.062554486267	0.04405803796	0.236317712798
0.152310065	0	0	0.062678294651	0.043563475376	0.236416097354
0.152486146	0	0	0.062802558353	0.043070934211	0.236514269138
0.152662227	0	0	0.062927284207	0.042580422941	0.236612229719
0.152838308	0	0	0.063052477005	0.042091948888	0.236709980633
0.153014389	0	0	0.063178141752	0.041605520807	0.236807523398
0.15319047	0	0	0.063304284238	0.041121135814	0.23690485952
0.153366551	0	0	0.063430910348	0.040638798108	0.237001990491
0.153542632	0	0	0.063558026212	0.040158512286	0.237098917788
0.153718713	0	0	0.063685638238	0.039680291382	0.237195642873
0.153894794	0	0	0.063813751875	0.039204139197	0.237292167198
0.154070875	0	0	0.063942373396	0.038730054877	0.237388492197
0.154246956	0	0	0.064071509173	0.038258045073	0.237484619295
0.154423037	0	0	0.064201165686	0.037788123885	0.237580549901
0.154599118	0	0	0.064331349519	0.037320284091	0.237676285411
0.154775199	0	0	0.064462068137	0.036854550107	0.237771827209
0.15495128	0	0	0.064593328022	0.036390904808	0.237867176667
0.155127361	0	0	0.064725135941	0.035929363293	0.237962335143
0.155303442	0	0	0.064857498939	0.035469937935	0.238057303822
0.155479523	0	0	0.064990424177	0.035012624648	0.238152083724
0.155655604	0	0	0.0651239204	0.03455744168	0.238246676585
0.155831685	0	0	0.065257994808	0.034104386519	0.238341083716
0.156007766	0	0	0.065392654011	0.033653463211	0.238435306414
0.156183847	0	0	0.0655279078	0.033204689808	0.238529345966
0.156359928	0	0	0.065663763437	0.032758059058	0.238623203647
0.156536009	0	0	0.06580022894	0.032313589946	0.23871688024
0.15671209	0	0	0.065937314172	0.031871278831	0.238810376912
0.156888171	0	0	0.066075026455	0.031431143213	0.238903695416
0.157064252	0	0	0.066213375668	0.030993179204	0.23899683698
0.157240333	0	0	0.066352371121	0.030557411127	0.239089802824
0.157416414	0	0	0.066492020779	0.030123829277	0.23918259319
0.157592495	0	0	0.066632336381	0.029692438167	0.239275209893
0.157768576	0	0	0.066773326784	0.029263265069	0.239367654418
0.157944657	0	0	0.066915001549	0.028836306502	0.239459927942
0.158120738	0	0	0.06705737125	0.028411570683	0.239552030316
0.158296819	0	0	0.067200446676	0.027989065879	0.239643963808
0.1584729	0	0	0.06734423895	0.027568794616	0.239735729719
0.158648981	0	0	0.067488759348	0.027150777212	0.239827328333
0.158825062	0	0	0.067634018759	0.026735012538	0.239918760817
0.159001143	0	0	0.067780029207	0.026321523596	0.240010029055
0.159177224	0	0	0.067926802978	0.025910302458	0.24010113328
0.159353305	0	0	0.068074352024	0.025501360604	0.24019207453
0.159529386	0	0	0.068222688794	0.025094715497	0.240282854783
0.159705467	0	0	0.068371826002	0.024690366172	0.240373473766
0.159881548	0	0	0.06852177735	0.024288339564	0.240463933311
0.160057629	0	0	0.068672558085	0.023888624303	0.240554234786
0.16023371	0	0	0.068824179577	0.023491243997	0.240644377692
0.160409791	0	0	0.068976658668	0.023096206898	0.240734364822
0.160585872	0	0	0.06913000857	0.022703518456	0.240824195758
0.160761953	0	0	0.069284246197	0.022313196058	0.240913872275
0.160938034	0	0	0.069439384997	0.021925244256	0.241003395216
0.161114115	0	0	0.06959544462	0.021539672677	0.241092765025
0.161290196	0	0	0.069752439285	0.021156500931	0.241181983652
0.161466277	0	0	0.069910386357	0.020775735307	0.241271050596
0.161642358	0	0	0.07006930394	0.020397392382	0.241359968531
0.161818439	0	0	0.070229210593	0.020021475566	0.241448736392
0.16199452	0	0	0.07039012534	0.019647997435	0.241537357202
0.162170601	0	0	0.070552067687	0.019276978882	0.241625829702
0.162346682	0	0	0.070715057634	0.018908428059	0.241714156901
0.162522763	0	0	0.070879115693	0.018542357477	0.241802337702
0.162698844	0	0	0.071044262904	0.018178779709	0.241890374748
0.162874925	0	0	0.071210520849	0.017817704906	0.241978267455
0.163051006	0	0	0.071377915434	0.017459162682	0.242066017755
0.163227087	0	0	0.071546466834	0.017103144356	0.242153625913
0.163403168	0	0	0.071716201796	0.016749687071	0.242241092822
0.163579249	0	0	0.071887143383	0.016398783236	0.242328419924
0.16375533	0	0	0.072059321346	0.016050470131	0.242415606747
0.163931411	0	0	0.072232759843	0.01570474837	0.242502655703
0.164107492	0	0	0.07240748765	0.015361637126	0.242589566218
0.164283573	0	0	0.072583534404	0.015021153375	0.242676339907
0.164459654	0	0	0.072760930643	0.014683314177	0.242762977824
0.164635735	0	0	0.072939707831	0.014348136671	0.242849479427
0.164811816	0	0	0.073119898396	0.014015638078	0.24293584701
0.164987897	0	0	0.073301535768	0.0136858357	0.243022080705
0.165163978	0	0	0.073484655775	0.013358752658	0.243108180845
0.165340059	0	0	0.073669296666	0.0130343975	0.243194149196
0.16551614	0	0	0.073855493865	0.012712802551	0.243279985843
0.165692221	0	0	0.074043289935	0.012393973769	0.243365691294
0.165868302	0	0	0.074232725669	0.012077946832	0.243451267139
0.166044383	0	0	0.074423843797	0.011764731933	0.243536713753
0.166220464	0	0	0.074616690216	0.011454353254	0.243622031142
0.166396545	0	0	0.07481131247	0.011146833487	0.243707221062
0.166572626	0	0	0.075007759827	0.010842195427	0.243792284203
0.166748707	0	0	0.07520608335	0.010540461971	0.24387722031
0.166924788	0	0	0.075406340996	0.010241663716	0.243962030746
0.167100869	0	0	0.075608584804	0.009945811592	0.244046716479
0.16727695	0	0	0.075812879516	0.009652948699	0.24413127818
0.167453031	0	0	0.076019284517	0.009363088992	0.244215715542
0.167629112	0	0	0.076227866881	0.009076263098	0.244300030127
0.167805193	0	0	0.076438696488	0.008792500218	0.2443842227
0.167981274	0	0	0.076651846175	0.008511829678	0.244468293912
0.168157355	0	0	0.076867392978	0.008234285508	0.244552243945
0.168333436	0	0	0.077085421324	0.007959892238	0.244636073473
0.168509517	0	0	0.077306014234	0.007688687377	0.244719783606
0.168685598	0	0	0.077529264109	0.007420700369	0.244803374976
0.168861679	0	0	0.077755268935	0.00715596779	0.244886848213
0.16903776	0	0	0.07798413147	0.006894526445	0.244970203735
0.169213841	0	0	0.078215959533	0.006636413291	0.24505344185
0.169389922	0	0	0.078450871731	0.006381671693	0.245136563731
0.169566003	0	0	0.078688990092	0.006130334942	0.245219569989
0.169742084	0	0	0.078930449377	0.005882451941	0.245302461232
0.169918165	0	0	0.079175391833	0.005638061953	0.245385238066
0.170094246	0	0	0.079423967721	0.005397212072	0.245467901091
0.170270327	0	0	0.079676342694	0.005159953369	0.245550450634
0.170446408	0	0	0.079932691438	0.004926336001	0.245632887325
0.170622489	0	0	0.080193205116	0.004696409467	0.245715212017
0.17079857	0	0	0.080458087079	0.004470229965	0.245797425294
0.170974651	0	0	0.080727565315	0.004247859248	0.245879527736
0.171150732	0	0	0.081001877603	0.004029357872	0.24596151992
0.171326813	0	0	0.081281288425	0.003814789618	0.24604340242
0.171502894	0	0	0.081566091098	0.003604218266	0.246125175804
0.171678975	0	0	0.08185659855	0.003397724707	0.246206840638
0.171855056	0	0	0.082153161395	0.00319538201	0.246288397484
0.172031137	0	0	0.082456165736	0.002997266477	0.246369846901
0.172207218	0	0	0.082766043283	0.002803475527	0.246451189442
0.172383299	0	0	0.08308326824	0.002614093506	0.246532425607
0.17255938	0	0	0.083408379014	0.002429226044	0.2466135559
0.172735461	0	0	0.083741980907	0.002248975204	0.246694580988
0.172911542	0	0	0.084084755203	0.002073461152	0.24677550141
0.173087623	0	0	0.084437487378	0.001902804214	0.246856317705
0.173263704	0	0	0.08480107735	0.001737145294	0.246937030405
0.173439785	0	0	0.085176561495	0.001576630666	0.24701764004
0.173615866	0	0	0.085565162507	0.001421428366	0.247098147135
0.173791947	0	0	0.085968322807	0.001271714992	0.247178552214
0.173968028	0	0	0.086387766827	0.001127696846	0.247258855797
0.174144109	0	0	0.086825591054	9.89600364E-4	0.2473390584
0.17432019	0	0	0.087284375505	8.5768055E-4	0.247419160536
0.174496271	0	0	0.087767368447	7.32235829E-4	0.247499162713
0.174672352	0	0	0.088278752899	6.13613471E-4	0.247579065345
0.174848433	0	0	0.088824068199	5.0221941E-4	0.247658868937
0.175024514	0	0	0.08941092722	3.98547125E-4	0.247738574057
0.175200595	0	0	0.090050282201	3.03213667E-4	0.247818181203
0.175376676	0	0	0.090758946595	2.17010913E-4	0.247897690869
0.175552757	0	0	0.091565212985	1.41022838E-4	0.247977103545
0.175728838	0	0	0.09252420178	7.6852071E-5	0.24805641972
0.175904919	0	0	0.093777966371	2.72754E-5	0.248135639878
0.176081	0	0	0.096618625083	1.0652E-8	0.2482147645
